           0   0.0000000000000000        0.0000000000000000     
           1  0.10000000000000001       0.10000000000000001     
           2  0.20000000000000001       0.20000000000000001     
           3  0.30000000000000004       0.30000000000000004     
           4  0.40000000000000002       0.40000000000000002     
           5  0.50000000000000000       0.50000000000000000     
           6  0.60000000000000009       0.60000000000000009     
           7  0.70000000000000007       0.70000000000000007     
           8  0.80000000000000004       0.80000000000000004     
           9  0.90000000000000002       0.90000000000000002     
          10   1.0000000000000000        1.0000000000000000     
          11   1.1000000000000001        1.1000000000000001     
          12   1.2000000000000002        1.2000000000000002     
          13   1.3000000000000000        1.3000000000000000     
          14   1.4000000000000001        1.4000000000000001     
          15   1.5000000000000000        1.5000000000000000     
          16   1.6000000000000001        1.6000000000000001     
          17   1.7000000000000002        1.7000000000000002     
          18   1.8000000000000000        1.8000000000000000     
          19   1.9000000000000001        1.9000000000000001     
          20   2.0000000000000000        2.0000000000000000     
          21   2.1000000000000001        2.1000000000000001     
          22   2.2000000000000002        2.2000000000000002     
          23   2.3000000000000003        2.3000000000000003     
          24   2.4000000000000004        2.4000000000000004     
          25   2.5000000000000000        2.5000000000000000     
          26   2.6000000000000001        2.6000000000000001     
          27   2.7000000000000002        2.7000000000000002     
          28   2.8000000000000003        2.8000000000000003     
          29   2.9000000000000004        2.9000000000000004     
          30   3.0000000000000000        3.0000000000000000     
          31   3.1000000000000001        3.1000000000000001     
          32   3.2000000000000002        3.2000000000000002     
          33   3.3000000000000003        3.3000000000000003     
          34   3.4000000000000004        3.4000000000000004     
          35   3.5000000000000000        3.5000000000000000     
          36   3.6000000000000001        3.6000000000000001     
          37   3.7000000000000002        3.7000000000000002     
          38   3.8000000000000003        3.8000000000000003     
          39   3.9000000000000004        3.9000000000000004     
          40   4.0000000000000000        4.0000000000000000     
          41   4.1000000000000005        4.1000000000000005     
          42   4.2000000000000002        4.2000000000000002     
          43   4.2999999999999998        4.2999999999999998     
          44   4.4000000000000004        4.4000000000000004     
          45   4.5000000000000000        4.5000000000000000     
          46   4.6000000000000005        4.6000000000000005     
          47   4.7000000000000002        4.7000000000000002     
          48   4.8000000000000007        4.8000000000000007     
          49   4.9000000000000004        4.9000000000000004     
          50   5.0000000000000000        5.0000000000000000     
          51   5.1000000000000005        4.8999999999999995     
          52   5.2000000000000002        4.7999999999999998     
          53   5.3000000000000007        4.6999999999999993     
          54   5.4000000000000004        4.5999999999999996     
          55   5.5000000000000000        4.5000000000000000     
          56   5.6000000000000005        4.3999999999999995     
          57   5.7000000000000002        4.2999999999999998     
          58   5.8000000000000007        4.1999999999999993     
          59   5.9000000000000004        4.0999999999999996     
          60   6.0000000000000000        4.0000000000000000     
          61   6.1000000000000005        3.8999999999999995     
          62   6.2000000000000002        3.7999999999999998     
          63   6.3000000000000007        3.6999999999999993     
          64   6.4000000000000004        3.5999999999999996     
          65   6.5000000000000000        3.5000000000000000     
          66   6.6000000000000005        3.3999999999999995     
          67   6.7000000000000002        3.2999999999999998     
          68   6.8000000000000007        3.1999999999999993     
          69   6.9000000000000004        3.0999999999999996     
          70   7.0000000000000000        3.0000000000000000     
          71   7.1000000000000005        2.8999999999999995     
          72   7.2000000000000002        2.7999999999999998     
          73   7.3000000000000007        2.6999999999999993     
          74   7.4000000000000004        2.5999999999999996     
          75   7.5000000000000000        2.5000000000000000     
          76   7.6000000000000005        2.3999999999999995     
          77   7.7000000000000002        2.2999999999999998     
          78   7.8000000000000007        2.1999999999999993     
          79   7.9000000000000004        2.0999999999999996     
          80   8.0000000000000000        2.0000000000000000     
          81   8.0999999999999996        1.9000000000000004     
          82   8.2000000000000011        1.7999999999999989     
          83   8.3000000000000007        1.6999999999999993     
          84   8.4000000000000004        1.5999999999999996     
          85   8.5000000000000000        1.5000000000000000     
          86   8.5999999999999996        1.4000000000000004     
          87   8.7000000000000011        1.2999999999999989     
          88   8.8000000000000007        1.1999999999999993     
          89   8.9000000000000004        1.0999999999999996     
          90   9.0000000000000000        1.0000000000000000     
          91   9.0999999999999996       0.90000000000000036     
          92   9.2000000000000011       0.79999999999999893     
          93   9.3000000000000007       0.69999999999999929     
          94   9.4000000000000004       0.59999999999999964     
          95   9.5000000000000000       0.50000000000000000     
          96   9.6000000000000014       0.39999999999999858     
          97   9.7000000000000011       0.29999999999999893     
          98   9.8000000000000007       0.19999999999999929     
          99   9.9000000000000004        9.9999999999999645E-002
         100   10.000000000000000        0.0000000000000000     
