  0.9807750E+00
  0.2942325E+01
  0.4903875E+01
  0.6865425E+01
  0.8826975E+01
  0.1078852E+02
  0.1275007E+02
  0.1471162E+02
  0.1667318E+02
  0.8826975E+01
  0.1078852E+02
  0.1275007E+02
  0.1471162E+02
  0.1667318E+02
  0.8826975E+01
  0.1078852E+02
  0.1275007E+02
  0.1471162E+02
  0.1667318E+02
  0.8826975E+01
  0.1078852E+02
  0.1275007E+02
  0.1471162E+02
  0.1667318E+02
  0.8826975E+01
  0.1078852E+02
  0.1275007E+02
  0.1471162E+02
  0.1667318E+02
  0.8313457E+02
  0.8509613E+02
  0.8705768E+02
  0.8901922E+02
