   0.0000000000000000        0.0000000000000000     
  0.10000000000000001        6.2673166691646201E-002
  0.20000000000000001       0.12524422441738636     
  0.30000000000000004       0.18765206163902529     
  0.40000000000000002       0.24983575138042083     
  0.50000000000000000       0.31173460652525919     
  0.60000000000000009       0.37328823505884967     
  0.70000000000000007       0.43443659523785644     
  0.80000000000000004       0.49512005066947656     
  0.90000000000000002       0.55527942527888396     
   1.0000000000000000       0.61485605814081412     
   1.1000000000000001       0.67379185814799636     
   1.2000000000000002       0.73202935848578754     
   1.3000000000000000       0.78951177087885183     
   1.4000000000000001       0.84618303957211116     
   1.5000000000000000       0.90198789500449306     
   1.6000000000000001       0.95687190713026893     
   1.7000000000000002        1.0107815383390468     
   1.8000000000000000        1.0636641959217981     
   1.9000000000000001        1.1154682840266976     
   2.0000000000000000        1.1661432550450770     
   2.1000000000000001        1.2156396603644826     
   2.2000000000000002        1.2639092004227108     
   2.3000000000000003        1.3109047739938162     
   2.4000000000000004        1.3565805266344775     
   2.5000000000000000        1.4008918982167990     
   2.6000000000000001        1.4437956694716449     
   2.7000000000000002        1.4852500074649748     
   2.8000000000000003        1.5252145099284156     
   2.9000000000000004        1.5636502483644423     
   3.0000000000000000        1.6005198098461271     
   3.1000000000000001        1.6357873374313985     
   3.2000000000000002        1.6694185691122005     
   3.3000000000000003        1.7013808752198174     
   3.4000000000000004        1.7316432942089541     
   3.5000000000000000        1.7601765667449412     
   3.6000000000000001        1.7869531680206379     
   3.7000000000000002        1.8119473382322520     
   3.8000000000000003        1.8351351111463565     
   3.9000000000000004        1.8564943406938395     
   4.0000000000000000        1.8760047255303751     
   4.1000000000000005        1.8936478315072052     
   4.2000000000000002        1.9094071120005611     
   4.2999999999999998        1.9232679260529071     
   4.4000000000000004        1.9352175542843033     
   4.5000000000000000        1.9452452125375641     
   4.6000000000000005        1.9533420632264575     
   4.7000000000000002        1.9595012243619483     
   4.8000000000000007        1.9637177762373714     
   4.9000000000000004        1.9659887657594106     
   5.0000000000000000        1.9663132084177981     
   5.1000000000000005        1.9646920878927188     
   5.2000000000000002        1.9611283533049448     
   5.3000000000000007        1.9556269141197118     
   5.4000000000000004        1.9481946327212414     
   5.5000000000000000        1.9388403146805684     
   5.6000000000000005        1.9275746967449190     
   5.7000000000000002        1.9144104325822739     
   5.8000000000000007        1.8993620763198971     
   5.9000000000000004        1.8824460639204965     
   6.0000000000000000        1.8636806924442775     
   6.1000000000000005        1.8430860972494192     
   6.2000000000000002        1.8206842271874437     
   6.3000000000000007        1.7964988178535237     
   6.4000000000000004        1.7705553629549715     
   6.5000000000000000        1.7428810838639719     
   6.6000000000000005        1.7135048974230338     
   6.7000000000000002        1.6824573820736539     
   6.8000000000000007        1.6497707423802885     
   6.9000000000000004        1.6154787720229371     
   7.0000000000000000        1.5796168153324415     
   7.1000000000000005        1.5422217274430139     
   7.2000000000000002        1.5033318331365277     
   7.3000000000000007        1.4629868844527676     
   7.4000000000000004        1.4212280171391272     
   7.5000000000000000        1.3780977060122193     
   7.6000000000000005        1.3336397193025118     
   7.7000000000000002        1.2878990720514680     
   7.8000000000000007        1.2409219786287797     
   7.9000000000000004        1.1927558044351407     
   8.0000000000000000        1.1434490168536784     
   8.0999999999999996        1.0930511355106458     
   8.2000000000000011        1.0416126819033231     
   8.3000000000000007       0.98918512845031370     
   8.4000000000000004       0.93582084701657464     
   8.5000000000000000       0.88157305696263633     
   8.5999999999999996       0.82649577276456510     
   8.7000000000000011       0.77064375124834461     
   8.8000000000000007       0.71407243847952329     
   8.9000000000000004       0.65683791634622879     
   9.0000000000000000       0.59899684887101701     
   9.0999999999999996       0.54060642828452543     
   9.2000000000000011       0.48172432089156947     
   9.3000000000000007       0.42240861275817509     
   9.4000000000000004       0.36271775524610494     
   9.5000000000000000       0.30271051041972874     
   9.6000000000000014       0.24244589634862365     
   9.7000000000000011       0.18198313232808622     
   9.8000000000000007       0.12138158403879851     
   9.9000000000000004        6.0700708666232971E-002
   10.000000000000000        0.0000000000000000     
