   0.0000000000000000        0.0000000000000000     
  0.10000000000000001        4.8219057555554889E-002
  0.20000000000000001        9.6358911023602320E-002
  0.30000000000000004       0.14437216688284543     
  0.40000000000000002       0.19221158613504627     
  0.50000000000000000       0.23983013037310250     
  0.60000000000000009       0.28718100764121379     
  0.70000000000000007       0.33421771804561717     
  0.80000000000000004       0.38089409907441163     
  0.90000000000000002       0.42716437058504486     
   1.0000000000000000       0.47298317941810292     
   1.1000000000000001       0.51830564359612985     
   1.2000000000000002       0.56308739606630887     
   1.3000000000000000       0.60728462794596760     
   1.4000000000000001       0.65085413123002411     
   1.5000000000000000       0.69375334091967478     
   1.6000000000000001       0.73594037653184596     
   1.7000000000000002       0.77737408294918009     
   1.8000000000000000       0.81801407057062281     
   1.9000000000000001       0.85782075472301089     
   2.0000000000000000       0.89675539429443973     
   2.1000000000000001       0.93478012955061607     
   2.2000000000000002       0.97185801909588199     
   2.3000000000000003        1.0079530759411250     
   2.4000000000000004        1.0430303026413770     
   2.5000000000000000        1.0770557254665485     
   2.6000000000000001        1.1099964275694503     
   2.7000000000000002        1.1418205811160180     
   2.8000000000000003        1.1724974783434829     
   2.9000000000000004        1.2019975615131240     
   3.0000000000000000        1.2302924517251890     
   3.1000000000000001        1.2573549765645908     
   3.2000000000000002        1.2831591965470712     
   3.3000000000000003        1.3076804303366638     
   3.4000000000000004        1.3308952787065031     
   3.5000000000000000        1.3527816472162895     
   3.6000000000000001        1.3733187675810563     
   3.7000000000000002        1.3924872177072669     
   3.8000000000000003        1.4102689403737141     
   3.9000000000000004        1.4266472605361922     
   4.0000000000000000        1.4416069012364521     
   4.1000000000000005        1.4551339980975471     
   4.2000000000000002        1.4672161123893093     
   4.2999999999999998        1.4778422426493691     
   4.4000000000000004        1.4870028348468451     
   4.5000000000000000        1.4946897910775636     
   4.6000000000000005        1.5008964767814426     
   4.7000000000000002        1.5056177264744559     
   4.8000000000000007        1.5088498479894024     
   4.9000000000000004        1.5105906252215233     
   5.0000000000000000        1.5108393193768326     
   5.1000000000000005        1.5095966687228561     
   5.2000000000000002        1.5068648868433001     
   5.3000000000000007        1.5026476593999827     
   5.4000000000000004        1.4969501394071758     
   5.5000000000000000        1.4897789410252866     
   5.6000000000000005        1.4811421318825795     
   5.7000000000000002        1.4710492239353770     
   5.8000000000000007        1.4595111628788970     
   5.9000000000000004        1.4465403161225530     
   6.0000000000000000        1.4321504593451888     
   6.1000000000000005        1.4163567616473187     
   6.2000000000000002        1.3991757693189952     
   6.3000000000000007        1.3806253882434334     
   6.4000000000000004        1.3607248649579795     
   6.5000000000000000        1.3394947663954155     
   6.6000000000000005        1.3169569583299370     
   6.7000000000000002        1.2931345825534390     
   6.8000000000000007        1.2680520328089810     
   6.9000000000000004        1.2417349295094742     
   7.0000000000000000        1.2142100932707607     
   7.1000000000000005        1.1855055172893068     
   7.2000000000000002        1.1556503385957317     
   7.3000000000000007        1.1246748082163416     
   7.4000000000000004        1.0926102602757082     
   7.5000000000000000        1.0594890800741648     
   7.6000000000000005        1.0253446711748577     
   7.7000000000000002       0.99021142153569774     
   7.8000000000000007       0.95412466872222423     
   7.9000000000000004       0.91712066423799143     
   8.0000000000000000       0.87923653700965154     
   8.0999999999999996       0.84051025606441265     
   8.2000000000000011       0.80098059243801645     
   8.3000000000000007       0.76068708035179955     
   8.4000000000000004       0.71966997769778374     
   8.5000000000000000       0.67797022587108002     
   8.5999999999999996       0.63562940898920051     
   8.7000000000000011       0.59268971253814140     
   8.8000000000000007       0.54919388148534420     
   8.9000000000000004       0.50518517789985640     
   9.0000000000000000       0.46070733812019765     
   9.0999999999999996       0.41580452951060293     
   9.2000000000000011       0.37052130684645374     
   9.3000000000000007       0.32490256836983139     
   9.4000000000000004       0.27899351155622654     
   9.5000000000000000       0.23283958863352708     
   9.6000000000000014       0.18648646189447574     
   9.7000000000000011       0.13997995884384412     
   9.8000000000000007        9.3366027221612663E-002
   9.9000000000000004        4.6690689943474833E-002
   10.000000000000000        0.0000000000000000     
