   0.0000000000000000        0.0000000000000000     
  0.10000000000000001        2.6674325083251689E-002
  0.20000000000000001        5.3304786320858367E-002
  0.30000000000000004        7.9865137531275013E-002
  0.40000000000000002       0.10632921896445316     
  0.50000000000000000       0.13267098305371600     
  0.60000000000000009       0.15886452004010557     
  0.70000000000000007       0.18488408344402102     
  0.80000000000000004       0.21070411535913217     
  0.90000000000000002       0.23629927154374425     
   1.0000000000000000       0.26164444628500372     
   1.1000000000000001       0.28671479701157404     
   1.2000000000000002       0.31148576863067284     
   1.3000000000000000       0.33593311756564853     
   1.4000000000000001       0.36003293547058296     
   1.5000000000000000       0.38376167259873989     
   1.6000000000000001       0.40709616080203342     
   1.7000000000000002       0.43001363613906762     
   1.8000000000000000       0.45249176106969874     
   1.9000000000000001       0.47450864621449063     
   2.0000000000000000       0.49604287165787658     
   2.1000000000000001       0.51707350777430294     
   2.2000000000000002       0.53758013555711270     
   2.3000000000000003       0.55754286643042839     
   2.4000000000000004       0.57694236152481737     
   2.5000000000000000       0.59575985039806034     
   2.6000000000000001       0.61397714918290447     
   2.7000000000000002       0.63157667814425755     
   2.8000000000000003       0.64854147862887246     
   2.9000000000000004       0.66485522939118114     
   3.0000000000000000       0.68050226227956512     
   3.1000000000000001       0.69546757726798458     
   3.2000000000000002       0.70973685681855070     
   3.3000000000000003       0.72329647956128928     
   3.4000000000000004       0.73613353327802955     
   3.5000000000000000       0.74823582717804638     
   3.6000000000000001       0.75959190345379113     
   3.7000000000000002       0.77019104810576533     
   3.8000000000000003       0.78002330102631912     
   3.9000000000000004       0.78907946533289686     
   4.0000000000000000       0.79735111594199692     
   4.1000000000000005       0.80483060737587298     
   4.2000000000000002       0.81151108079476231     
   4.2999999999999998       0.81738647024820110     
   4.4000000000000004       0.82245150813976076     
   4.5000000000000000       0.82670172990031943     
   4.6000000000000005       0.83013347786577241     
   4.7000000000000002       0.83274390435586942     
   4.8000000000000007       0.83453097395166209     
   4.9000000000000004       0.83549346496983867     
   5.0000000000000000       0.83563097013301646     
   5.1000000000000005       0.83494389643585976     
   5.2000000000000002       0.83343346420768638     
   5.3000000000000007       0.83110170537301753     
   5.4000000000000004       0.82795146091232164     
   5.5000000000000000       0.82398637752598825     
   5.6000000000000005       0.81921090350535597     
   5.7000000000000002       0.81363028381539959     
   5.8000000000000007       0.80725055439445614     
   5.9000000000000004       0.80007853567714160     
   6.0000000000000000       0.79212182534737297     
   6.1000000000000005       0.78338879032916608     
   6.2000000000000002       0.77388855802362666     
   6.3000000000000007       0.76363100680129459     
   6.4000000000000004       0.75262675575972537     
   6.5000000000000000       0.74088715375691638     
   6.6000000000000005       0.72842426773189040     
   6.7000000000000002       0.71525087032444690     
   6.8000000000000007       0.70138042680677304     
   6.9000000000000004       0.68682708134027848     
   7.0000000000000000       0.67160564257167521     
   7.1000000000000005       0.65573156858296355     
   7.2000000000000002       0.63922095121061451     
   7.3000000000000007       0.62209049974985076     
   7.4000000000000004       0.60435752406052190     
   7.5000000000000000       0.58603991709165038     
   7.6000000000000005       0.56715613684228383     
   7.7000000000000002       0.54772518777683488     
   7.8000000000000007       0.52776660171361311     
   7.9000000000000004       0.50730041820576000     
   8.0000000000000000       0.48634716443428611     
   8.0999999999999996       0.46492783463337378     
   8.2000000000000011       0.44306386906855882     
   8.3000000000000007       0.42077713258882821     
   8.4000000000000004       0.39808989277407636     
   8.5000000000000000       0.37502479769974734     
   8.5999999999999996       0.35160485334085068     
   8.7000000000000011       0.32785340063787904     
   8.8000000000000007       0.30379409224747339     
   8.9000000000000004       0.27945086900097538     
   9.0000000000000000       0.25484793609427880     
   9.0999999999999996       0.23000973903264041     
   9.2000000000000011       0.20496093935433501     
   9.3000000000000007       0.17972639015724221     
   9.4000000000000004       0.15433111145262821     
   9.5000000000000000       0.12880026537054168     
   9.6000000000000014       0.10315913124137056     
   9.7000000000000011        7.7433080578213534E-002
   9.8000000000000007        5.1647551984800061E-002
   9.9000000000000004        2.5828026013750539E-002
   10.000000000000000        0.0000000000000000     
