   0.0000000000000000        0.0000000000000000     
  0.10000000000000001        3.2495260816842321E-002
  0.20000000000000001        6.4937087739128999E-002
  0.30000000000000004        9.7293508262207201E-002
  0.40000000000000002       0.12953265513482259     
  0.50000000000000000       0.16162279771955135     
  0.60000000000000009       0.19353237319839331     
  0.70000000000000007       0.22523001759294156     
  0.80000000000000004       0.25668459656873982     
  0.90000000000000002       0.28786523599366487     
   1.0000000000000000       0.31874135222042554     
   1.1000000000000001       0.34928268206355217     
   1.2000000000000002       0.37945931244156289     
   1.3000000000000000       0.40924170965533163     
   1.4000000000000001       0.43860074827405193     
   1.5000000000000000       0.46750773960058378     
   1.6000000000000001       0.49593445968839606     
   1.7000000000000002       0.52385317688276412     
   1.8000000000000000       0.55123667885936056     
   1.9000000000000001       0.57805829913387952     
   2.0000000000000000       0.60429194301686096     
   2.1000000000000001       0.62991211298843985     
   2.2000000000000002       0.65489393346831914     
   2.3000000000000003       0.67921317495687228     
   2.4000000000000004       0.70284627752390683     
   2.5000000000000000       0.72577037362227037     
   2.6000000000000001       0.74796331020415541     
   2.7000000000000002       0.76940367011865396     
   2.8000000000000003       0.79007079276982894     
   2.9000000000000004       0.80994479401530906     
   3.0000000000000000       0.82900658528617133     
   3.1000000000000001       0.84723789190965115     
   3.2000000000000002       0.86462127061701777     
   3.3000000000000003       0.88114012621976712     
   3.4000000000000004       0.89677872743811227     
   3.5000000000000000       0.91152222186660325     
   3.6000000000000001       0.92535665006256618     
   3.7000000000000002       0.93826895874393246     
   3.8000000000000003       0.95024701308391735     
   3.9000000000000004       0.96127960809091118     
   4.0000000000000000       0.97135647906286271     
   4.1000000000000005       0.98046831110635846     
   4.2000000000000002       0.98860674771153911     
   4.2999999999999998       0.99576439837493735     
   4.4000000000000004        1.0019348452632761     
   4.5000000000000000        1.0071126489122215     
   4.6000000000000005        1.0112933529550552     
   4.7000000000000002        1.0144734878771959     
   4.8000000000000007        1.0166505737934746     
   4.9000000000000004        1.0178231222460461     
   5.0000000000000000        1.0179906370217948     
   5.1000000000000005        1.0171536139890702     
   5.2000000000000002        1.0153135399545681     
   5.3000000000000007        1.0124728905421474     
   5.4000000000000004        1.0086351270963478     
   5.5000000000000000        1.0038046926143380     
   5.6000000000000005       0.99798700671099827     
   5.7000000000000002       0.99118845962279123     
   5.8000000000000007       0.98341640525703444     
   5.9000000000000004       0.97467915329412824     
   6.0000000000000000       0.96498596035123130     
   6.1000000000000005       0.95434702021680140     
   6.2000000000000002       0.94277345316633598     
   6.3000000000000007       0.93027729437054862     
   6.4000000000000004       0.91687148140811281     
   6.5000000000000000       0.90256984089597903     
   6.6000000000000005       0.88738707425113761     
   6.7000000000000002       0.87133874259854649     
   6.8000000000000007       0.85444125084077838     
   6.9000000000000004       0.83671183090575474     
   7.0000000000000000       0.81816852418973562     
   7.1000000000000005       0.79883016321351108     
   7.2000000000000002       0.77871635251050353     
   7.3000000000000007       0.75784744876623189     
   7.4000000000000004       0.73624454022930585     
   7.5000000000000000       0.71392942541482307     
   7.6000000000000005       0.69092459112171623     
   7.7000000000000002       0.66725318978625581     
   7.8000000000000007       0.64293901619454341     
   7.9000000000000004       0.61800648357744581     
   8.0000000000000000       0.59248059911199924     
   8.0999999999999996       0.56638693885387892     
   8.2000000000000011       0.53975162212606353     
   8.3000000000000007       0.51260128538933591     
   8.4000000000000004       0.48496305562074576     
   8.5000000000000000       0.45686452322662058     
   8.5999999999999996       0.42833371451714308     
   8.7000000000000011       0.39939906376991946     
   8.8000000000000007       0.37008938491034227     
   8.9000000000000004       0.34043384283690276     
   9.0000000000000000       0.31046192441993231     
   9.0999999999999996       0.28020340920254755     
   9.2000000000000011       0.24968833983284278     
   9.3000000000000007       0.21894699225661315     
   9.4000000000000004       0.18800984570010282     
   9.5000000000000000       0.15690755247245550     
   9.6000000000000014       0.12567090761769928     
   9.7000000000000011        9.4330818446222403E-002
   9.8000000000000007        6.2918273975793720E-002
   9.9000000000000004        3.1464314312248567E-002
   10.000000000000000        0.0000000000000000     
