   0.0000000000000000        0.0000000000000000     
  0.10000000000000001        3.9585730569186586E-002
  0.20000000000000001        7.9106379936740093E-002
  0.30000000000000004       0.11852300618223643     
  0.40000000000000002       0.15779679537209360     
  0.50000000000000000       0.19688909969735244     
  0.60000000000000009       0.23576147542589732     
  0.70000000000000007       0.27437572063240057     
  0.80000000000000004       0.31269391266947760     
  0.90000000000000002       0.35067844534377596     
   1.0000000000000000       0.38829206576098729     
   1.1000000000000001       0.42549791080406890     
   1.2000000000000002       0.46225954320929158     
   1.3000000000000000       0.49854098720509138     
   1.4000000000000001       0.53430676367909602     
   1.5000000000000000       0.56952192483912167     
   1.6000000000000001       0.60415208833439460     
   1.7000000000000002       0.63816347080373981     
   1.8000000000000000       0.67152292081800247     
   1.9000000000000001       0.70419795118452322     
   2.0000000000000000       0.73615677058207296     
   2.1000000000000001       0.76736831449527443     
   2.2000000000000002       0.79780227541818893     
   2.3000000000000003       0.82742913229743087     
   2.4000000000000004       0.85622017918588567     
   2.5000000000000000       0.88414755307886062     
   2.6000000000000001       0.91118426090526894     
   2.7000000000000002       0.93730420564726380     
   2.8000000000000003       0.96248221156257596     
   2.9000000000000004       0.98669404848467890     
   3.0000000000000000        1.0099164551768072     
   3.1000000000000001        1.0321271617167780     
   3.2000000000000002        1.0533049108905257     
   3.3000000000000003        1.0734294785732392     
   3.4000000000000004        1.0924816930780030     
   3.5000000000000000        1.1104434534528735     
   3.6000000000000001        1.1272977467083845     
   3.7000000000000002        1.1430286639585507     
   3.8000000000000003        1.1576214154595488     
   3.9000000000000004        1.1710623445313642     
   4.0000000000000000        1.1833389403488497     
   4.1000000000000005        1.1944398495897854     
   4.2000000000000002        1.2043548869287153     
   4.2999999999999998        1.2130750443665170     
   4.4000000000000004        1.2205924993868678     
   4.5000000000000000        1.2269006219319802     
   4.6000000000000005        1.2319939801912063     
   4.7000000000000002        1.2358683451973338     
   4.8000000000000007        1.2385206942266425     
   4.9000000000000004        1.2399492130000209     
   5.0000000000000000        1.2401532966836957     
   5.1000000000000005        1.2391335496893605     
   5.2000000000000002        1.2368917842747462     
   5.3000000000000007        1.2334310179469046     
   5.4000000000000004        1.2287554696717191     
   5.5000000000000000        1.2228705548943892     
   5.6000000000000005        1.2157828793768508     
   5.7000000000000002        1.2075002318593138     
   5.8000000000000007        1.1980315755542998     
   5.9000000000000004        1.1873870384827487     
   6.0000000000000000        1.1755779026629425     
   6.1000000000000005        1.1626165921641538     
   6.2000000000000002        1.1485166600380690     
   6.3000000000000007        1.1332927741421570     
   6.4000000000000004        1.1169607018702683     
   6.5000000000000000        1.0995372938068229     
   6.6000000000000005        1.0810404663220146     
   6.7000000000000002        1.0614891831264954     
   6.8000000000000007        1.0409034358050171     
   6.9000000000000004        1.0193042233494978     
   7.0000000000000000       0.99671353071294611     
   7.1000000000000005       0.97315430640660872     
   7.2000000000000002       0.94865043916361802     
   7.3000000000000007       0.92322673369329744     
   7.4000000000000004       0.89690888555113235     
   7.5000000000000000       0.86972345515023841     
   7.6000000000000005       0.84169784094095079     
   7.7000000000000002       0.81286025178592036     
   7.8000000000000007       0.78323967855883403     
   7.9000000000000004       0.75286586499557906     
   8.0000000000000000       0.72176927782733724     
   8.0999999999999996       0.68998107622573723     
   8.2000000000000011       0.65753308059079718     
   8.3000000000000007       0.62445774071296634     
   8.4000000000000004       0.59078810334111653     
   8.5000000000000000       0.55655777918884941     
   8.5999999999999996       0.52180090941196045     
   8.7000000000000011       0.48655213159035426     
   8.8000000000000007       0.45084654524811824     
   8.9000000000000004       0.41471967694585010     
   9.0000000000000000       0.37820744497968589     
   9.0999999999999996       0.34134612372179834     
   9.2000000000000011       0.30417230763742531     
   9.3000000000000007       0.26672287501374842     
   9.4000000000000004       0.22903495143616845     
   9.5000000000000000       0.19114587304772188     
   9.6000000000000014       0.15309314962754800     
   9.7000000000000011       0.11491442752445075     
   9.8000000000000007        7.6647452481702419E-002
   9.9000000000000004        3.8330032389309293E-002
   10.000000000000000        0.0000000000000000     
