   0.0000000000000000        0.0000000000000000     
  0.10000000000000001        7.6009281613834842E-002
  0.20000000000000001       0.15189920302582804     
  0.30000000000000004       0.22759826131421695     
  0.40000000000000002       0.30303509043121130     
  0.50000000000000000       0.37813850380176600     
  0.60000000000000009       0.45283753799597637     
  0.70000000000000007       0.52706149765762467     
  0.80000000000000004       0.60074000185546816     
  0.90000000000000002       0.67380303200598246     
   1.0000000000000000       0.74618098149663192     
   1.1000000000000001       0.81780470711751874     
   1.2000000000000002       0.88860558238666421     
   1.3000000000000000       0.95851555283041234     
   1.4000000000000001        1.0274671932557389     
   1.5000000000000000        1.0953937670258256     
   1.6000000000000001        1.1622292873243618     
   1.7000000000000002        1.2279085803678911     
   1.8000000000000000        1.2923673504993856     
   1.9000000000000001        1.3555422470703278     
   2.0000000000000000        1.4173709329931603     
   2.1000000000000001        1.4777921548212531     
   2.2000000000000002        1.5367458141897616     
   2.3000000000000003        1.5941730404281267     
   2.4000000000000004        1.6500162641337071     
   2.5000000000000000        1.7042192914763197     
   2.6000000000000001        1.7567273789854849     
   2.7000000000000002        1.8074873085560925     
   2.8000000000000003        1.8564474623941600     
   2.9000000000000004        1.9035578976124821     
   3.0000000000000000        1.9487704201763802     
   3.1000000000000001        1.9920386578925324     
   3.2000000000000002        2.0333181321290663     
   3.3000000000000003        2.0725663279527962     
   3.4000000000000004        2.1097427623696530     
   3.5000000000000000        2.1448090503570718     
   3.6000000000000001        2.1777289683822487     
   3.7000000000000002        2.2084685151078078     
   3.8000000000000003        2.2369959689964021     
   3.9000000000000004        2.2632819425380397     
   4.0000000000000000        2.2872994328383989     
   4.1000000000000005        2.3090238683229090     
   4.2000000000000002        2.3284331513298184     
   4.2999999999999998        2.3455076963856714     
   4.4000000000000004        2.3602304639784095     
   4.5000000000000000        2.3725869896665053     
   4.6000000000000005        2.3825654083869350     
   4.7000000000000002        2.3901564738502024     
   4.8000000000000007        2.3953535729367985     
   4.9000000000000004        2.3981527350362399     
   5.0000000000000000        2.3985526362969054     
   5.1000000000000005        2.3965545987820929     
   5.2000000000000002        2.3921625845548138     
   5.3000000000000007        2.3853831847405762     
   5.4000000000000004        2.3762256036436309     
   5.5000000000000000        2.3647016380175589     
   5.6000000000000005        2.3508256516155654     
   5.7000000000000002        2.3346145451691172     
   5.8000000000000007        2.3160877219655234     
   5.9000000000000004        2.2952670492154739     
   6.0000000000000000        2.2721768154203166     
   6.1000000000000005        2.2468436839657824     
   6.2000000000000002        2.2192966431838848     
   6.3000000000000007        2.1895669531376756     
   6.4000000000000004        2.1576880893943922     
   6.5000000000000000        2.1236956840611683     
   6.6000000000000005        2.0876274643638961     
   6.7000000000000002        2.0495231890539785     
   6.8000000000000007        2.0094245829295745     
   6.9000000000000004        1.9673752697575668     
   7.0000000000000000        1.9234207038798679     
   7.1000000000000005        1.8776081007829017     
   7.2000000000000002        1.8299863669022187     
   7.3000000000000007        1.7806060289253072     
   7.4000000000000004        1.7295191628448650     
   7.5000000000000000        1.6767793230022114     
   7.6000000000000005        1.6224414713462827     
   7.7000000000000002        1.5665619071179240     
   7.8000000000000007        1.5091981971521169     
   7.9000000000000004        1.4504091069725440     
   8.0000000000000000        1.3902545328336597     
   8.0999999999999996        1.3287954348454192     
   8.2000000000000011        1.2660937712951705     
   8.3000000000000007        1.2022124342601792     
   8.4000000000000004        1.1372151865829847     
   8.5000000000000000        1.0711666002605158     
   8.5999999999999996        1.0041319962767914     
   8.7000000000000011       0.93617738588830546     
   8.8000000000000007       0.86736941335103412     
   8.9000000000000004       0.79777530005857056     
   9.0000000000000000       0.72746279004238568     
   9.0999999999999996       0.65650009676777532     
   9.2000000000000011       0.58495585114284920     
   9.3000000000000007       0.51289905064307606     
   9.4000000000000004       0.44039900944055671     
   9.5000000000000000       0.36752530941546080     
   9.6000000000000014       0.29434775191702489     
   9.7000000000000011       0.22093631013326431     
   9.8000000000000007       0.14736108192214392     
   9.9000000000000004        7.3692242952447570E-002
   10.000000000000000        0.0000000000000000     
