   0.0000000000000000        0.0000000000000000     
  0.10000000000000001        9.4914252409541544E-002
  0.20000000000000001       0.18973060644755485     
  0.30000000000000004       0.28438967834808659     
  0.40000000000000002       0.37883132145197462     
  0.50000000000000000       0.47299441346474463     
  0.60000000000000009       0.56681665519649727     
  0.70000000000000007       0.66023438294734171     
  0.80000000000000004       0.75318239662887243     
  0.90000000000000002       0.84559380562501418     
   1.0000000000000000       0.93739989429339832     
   1.1000000000000001        1.0285300088904625     
   1.2000000000000002        1.1189114675690377     
   1.3000000000000000        1.2084694949458195     
   1.4000000000000001        1.2971271825675785     
   1.5000000000000000        1.3848054764192834     
   1.6000000000000001        1.4714231924148213     
   1.7000000000000002        1.5568970605924026     
   1.8000000000000000        1.6411417985030388     
   1.9000000000000001        1.7240702140330935     
   2.0000000000000000        1.8055933376426092     
   2.1000000000000001        1.8856205837320019     
   2.2000000000000002        1.9640599405732915     
   2.3000000000000003        2.0408181879610701     
   2.4000000000000004        2.1158011414559779     
   2.5000000000000000        2.1889139218128437     
   2.6000000000000001        2.2600612479103646     
   2.7000000000000002        2.3291477512328362     
   2.8000000000000003        2.3960783097006795     
   2.9000000000000004        2.4607583984090105     
   3.0000000000000000        2.5230944546158489     
   3.1000000000000001        2.5829942541271884     
   3.2000000000000002        2.6403672960583013     
   3.3000000000000003        2.6951251928122120     
   3.4000000000000004        2.7471820620098852     
   3.5000000000000000        2.7964549170344468     
   3.6000000000000001        2.8428640528154707     
   3.7000000000000002        2.8863334234801759     
   3.8000000000000003        2.9267910085370064     
   3.9000000000000004        2.9641691643336263     
   4.0000000000000000        2.9984049576453993     
   4.1000000000000005        3.0294404784009226     
   4.2000000000000002        3.0572231287366094     
   4.2999999999999998        3.0817058857904871     
   4.4000000000000004        3.1028475358937717     
   4.5000000000000000        3.1206128780942346     
   4.6000000000000005        3.1349728952444753     
   4.7000000000000002        3.1459048912070697     
   4.8000000000000007        3.1533925930630891     
   4.9000000000000004        3.1574262175563086     
   5.0000000000000000        3.1580025013581086     
   5.1000000000000005        3.1551246950930190     
   5.2000000000000002        3.1488025214175912     
   5.3000000000000007        3.1390520977913252     
   5.4000000000000004        3.1258958249134521     
   5.5000000000000000        3.1093622421194240     
   5.6000000000000005        3.0894858513322419     
   5.7000000000000002        3.0663069114427848     
   5.8000000000000007        3.0398712052471439     
   5.9000000000000004        3.0102297812949330     
   6.0000000000000000        2.9774386731985802     
   6.1000000000000005        2.9415585991179900     
   6.2000000000000002        2.9026546442666050     
   6.3000000000000007        2.8607959293830731     
   6.4000000000000004        2.8160552681772963     
   6.5000000000000000        2.7685088167908720     
   6.6000000000000005        2.7182357183105923     
   6.7000000000000002        2.6653177453408592     
   6.8000000000000007        2.6098389435781635     
   6.9000000000000004        2.5518852792399724     
   7.0000000000000000        2.4915442930836664     
   7.1000000000000005        2.4289047636108578     
   7.2000000000000002        2.3640563818911526     
   7.3000000000000007        2.2970894402597857     
   7.4000000000000004        2.2280945369483898     
   7.5000000000000000        2.1571622985002121     
   7.6000000000000005        2.0843831216031639     
   7.7000000000000002        2.0098469357488873     
   7.8000000000000007        1.9336429878961838     
   7.9000000000000004        1.8558596500851359     
   8.0000000000000000        1.7765842507164402     
   8.0999999999999996        1.6959029299809647     
   8.2000000000000011        1.6139005196993197     
   8.3000000000000007        1.5306604476120373     
   8.4000000000000004        1.4462646659492979     
   8.5000000000000000        1.3607936039063575     
   8.5999999999999996        1.2743261434580095     
   8.7000000000000011        1.1869396177634675     
   8.8000000000000007        1.0987098312427008     
   8.9000000000000004        1.0097111002470438     
   9.0000000000000000       0.92001631310121645     
   9.0999999999999996       0.82969700816102787     
   9.2000000000000011       0.73882346841111723     
   9.3000000000000007       0.64746483102021501     
   9.4000000000000004       0.55568921017756490     
   9.5000000000000000       0.46356383145330843     
   9.6000000000000014       0.37115517585772689     
   9.7000000000000011       0.27852913171918092     
   9.8000000000000007       0.18575115245831697     
   9.9000000000000004        9.2886418306555474E-002
   10.000000000000000        0.0000000000000000     
