   0.0000000000000000        0.0000000000000000     
  0.10000000000000001        9.9785293428956770E-002
  0.20000000000000001       0.19955266430487265     
  0.30000000000000004       0.29929037763754412     
  0.40000000000000002       0.39898550110675507     
  0.50000000000000000       0.49862351753843381     
  0.60000000000000009       0.59818791874861199     
  0.70000000000000007       0.69765977879875996     
  0.80000000000000004       0.79701730561899742     
  0.90000000000000002       0.89623537099821027     
   1.0000000000000000       0.99528502010151654     
   1.1000000000000001        1.0941329629400880     
   1.2000000000000002        1.1927410515647265     
   1.3000000000000000        1.2910657481556453     
   1.4000000000000001        1.3890575906035414     
   1.5000000000000000        1.4866606635826038     
   1.6000000000000001        1.5838120844610366     
   1.7000000000000002        1.6804415146314913     
   1.8000000000000000        1.7764707079225435     
   1.9000000000000001        1.8718131086221508     
   2.0000000000000000        1.9663735122551975     
   2.1000000000000001        2.0600478025632336     
   2.2000000000000002        2.1527227780943772     
   2.3000000000000003        2.2442760813916833     
   2.4000000000000004        2.3345762429455958     
   2.5000000000000000        2.4234828508385049     
   2.6000000000000001        2.5108468553582632     
   2.7000000000000002        2.5965110158083724     
   2.8000000000000003        2.6803104943258655     
   2.9000000000000004        2.7620735987788181     
   3.0000000000000000        2.8416226738132004     
   3.1000000000000001        2.9187751359253378     
   3.2000000000000002        2.9933446451343526     
   3.3000000000000003        3.0651424025095726     
   3.4000000000000004        3.1339785595672884     
   3.5000000000000000        3.1996637224876303     
   3.6000000000000001        3.2620105313123346     
   3.7000000000000002        3.3208352918591681     
   3.8000000000000003        3.3759596361114554     
   3.9000000000000004        3.4272121853822348     
   4.0000000000000000        3.4744301896678742     
   4.1000000000000005        3.5174611163343470     
   4.2000000000000002        3.5561641616406683     
   4.2999999999999998        3.5904116595985318     
   4.4000000000000004        3.6200903642752698     
   4.5000000000000000        3.6451025838299613     
   4.6000000000000005        3.6653671472729523     
   4.7000000000000002        3.6808201880845099     
   4.8000000000000007        3.6914157323327643     
   4.9000000000000004        3.6971260826983667     
   5.0000000000000000        3.6979419937405433     
   5.1000000000000005        3.6938726377204731     
   5.2000000000000002        3.6849453642277501     
   5.3000000000000007        3.6712052606328003     
   5.4000000000000004        3.6527145239184651     
   5.5000000000000000        3.6295516576438103     
   5.6000000000000005        3.6018105105913745     
   5.7000000000000002        3.5695991759888321     
   5.8000000000000007        3.5330387720363587     
   5.9000000000000004        3.4922621257870881     
   6.0000000000000000        3.4474123832114065     
   6.1000000000000005        3.3986415685336056     
   6.2000000000000002        3.3461091156833045     
   6.3000000000000007        3.2899803939887509     
   6.4000000000000004        3.2304252491003713     
   6.5000000000000000        3.1676165786254944     
   6.6000000000000005        3.1017289601402132     
   6.7000000000000002        3.0329373471874619     
   6.8000000000000007        2.9614158466388165     
   6.9000000000000004        2.8873365884584059     
   7.0000000000000000        2.8108686965252385     
   7.1000000000000005        2.7321773668058311     
   7.2000000000000002        2.6514230568772077     
   7.3000000000000007        2.5687607886294503     
   7.4000000000000004        2.4843395639677075     
   7.5000000000000000        2.3983018915186776     
   7.6000000000000005        2.3107834207506155     
   7.7000000000000002        2.2219126785553001     
   7.8000000000000007        2.1318109022239100     
   7.9000000000000004        2.0405919618779573     
   8.0000000000000000        1.9483623647864117     
   8.0999999999999996        1.8552213336004810     
   8.2000000000000011        1.7612609503529497     
   8.3000000000000007        1.6665663580805825     
   8.4000000000000004        1.5712160121140537     
   8.5000000000000000        1.4752819734163785     
   8.5999999999999996        1.3788302368129910     
   8.7000000000000011        1.2819210875191112     
   8.8000000000000007        1.1846094800077676     
   8.9000000000000004        1.0869454339504974     
   9.0000000000000000       0.98897444267918744     
   9.0999999999999996       0.89073789034019957     
   9.2000000000000011       0.79227347462104070     
   9.3000000000000007       0.69361563260755466     
   9.4000000000000004       0.59479596796013923     
   9.5000000000000000       0.49584367816713831     
   9.6000000000000014       0.39678598113074048     
   9.7000000000000011       0.29764854075594083     
   9.8000000000000007       0.19845589153898127     
   9.9000000000000004        9.9231862382794703E-002
   10.000000000000000        0.0000000000000000     
