   0.0000000000000000        0.0000000000000000     
  0.10000000000000001        3.7065307747844202E-002
  0.20000000000000001        7.4069672231954334E-002
  0.30000000000000004       0.11097662758951746     
  0.40000000000000002       0.14774982790805985     
  0.50000000000000000       0.18435308296661776     
  0.60000000000000009       0.22075039380168313     
  0.70000000000000007       0.25690598806328413     
  0.80000000000000004       0.29278435512676787     
  0.90000000000000002       0.32835028092609264     
   1.0000000000000000       0.36356888247470648     
   1.1000000000000001       0.39840564204039142     
   1.2000000000000002       0.43282644094078443     
   1.3000000000000000       0.46679759292665057     
   1.4000000000000001       0.50028587712037753     
   1.5000000000000000       0.53325857047758651     
   1.6000000000000001       0.56568347974021105     
   1.7000000000000002       0.59752897284988116     
   1.8000000000000000       0.62876400979096669     
   1.9000000000000001       0.65935817283318277     
   2.0000000000000000       0.68928169614423618     
   2.1000000000000001       0.71850549474359748     
   2.2000000000000002       0.74700119276912080     
   2.3000000000000003       0.77474115102889862     
   2.4000000000000004       0.80169849381143088     
   2.5000000000000000       0.82784713492791018     
   2.6000000000000001       0.85316180296117450     
   2.7000000000000002       0.87761806569665479     
   2.8000000000000003       0.90119235371144746     
   2.9000000000000004       0.92386198309846956     
   3.0000000000000000       0.94560517730351090     
   3.1000000000000001       0.96640108805387226     
   3.2000000000000002       0.98622981535818210     
   3.3000000000000003        1.0050724265579096     
   3.4000000000000004        1.0229109744120357     
   3.5000000000000000        1.0397285141973129     
   3.6000000000000001        1.0555091198075324     
   3.7000000000000002        1.0702378988362193     
   3.8000000000000003        1.0839010066282060     
   3.9000000000000004        1.0964856592865684     
   4.0000000000000000        1.1079801456224714     
   4.1000000000000005        1.1183738380365329     
   4.2000000000000002        1.1276572023214071     
   4.2999999999999998        1.1358218063763750     
   4.4000000000000004        1.1428603278258411     
   4.5000000000000000        1.1487665605347448     
   4.6000000000000005        1.1535354200150205     
   4.7000000000000002        1.1571629477183687     
   4.8000000000000007        1.1596463142117295     
   4.9000000000000004        1.1609838212329922     
   5.0000000000000000        1.1611749026256102     
   5.1000000000000005        1.1602201241519308     
   5.2000000000000002        1.1581211821861894     
   5.3000000000000007        1.1548809012892525     
   5.4000000000000004        1.1505032306683296     
   5.5000000000000000        1.1449932395260005     
   5.6000000000000005        1.1383571113040272     
   5.7000000000000002        1.1306021368285353     
   5.8000000000000007        1.1217367063642525     
   5.9000000000000004        1.1117703005865915     
   6.0000000000000000        1.1007134804814425     
   6.1000000000000005        1.0885778761836171     
   6.2000000000000002        1.0753761747659389     
   6.3000000000000007        1.0611221069920183     
   6.4000000000000004        1.0458304330467754     
   6.5000000000000000        1.0295169272597828     
   6.6000000000000005        1.0121983618374908     
   6.7000000000000002       0.99389248962136223     
   6.8000000000000007       0.97461802588990365     
   6.9000000000000004       0.95439462922350027     
   7.0000000000000000       0.93324288145187040     
   7.1000000000000005       0.91118426670484232     
   7.2000000000000002       0.88824114958801026     
   7.3000000000000007       0.86443675250566721     
   7.4000000000000004       0.83979513215421886     
   7.5000000000000000       0.81434115521006967     
   7.6000000000000005       0.78810047323672805     
   7.7000000000000002       0.76109949683661204     
   7.8000000000000007       0.73336536907373862     
   7.9000000000000004       0.70492593819415716     
   8.0000000000000000       0.67580972967163422     
   8.0999999999999996       0.64604591760671948     
   8.2000000000000011       0.61566429550790980     
   8.3000000000000007       0.58469524648419169     
   8.4000000000000004       0.55316971287877503     
   8.5000000000000000       0.52111916537433067     
   8.5999999999999996       0.48857557160051918     
   8.7000000000000011       0.45557136427504025     
   8.8000000000000007       0.42213940890984136     
   8.9000000000000004       0.38831297111450963     
   9.0000000000000000       0.35412568352921819     
   9.0999999999999996       0.31961151241992147     
   9.2000000000000011       0.28480472396878082     
   9.3000000000000007       0.24973985029306259     
   9.4000000000000004       0.21445165522597703     
   9.5000000000000000       0.17897509989312377     
   9.6000000000000014       0.14334530811837540     
   9.7000000000000011       0.10759753169316527     
   9.8000000000000007        7.1767115543249008E-002
   9.9000000000000004        3.5889462827082538E-002
   10.000000000000000        0.0000000000000000     
