   0.0000000000000000        0.0000000000000000     
  0.10000000000000001        9.9999886249433123E-002
  0.20000000000000001       0.19999971901478356     
  0.30000000000000004       0.29999944555120300     
  0.40000000000000002       0.39999898214294594     
  0.50000000000000000       0.49999819426051756     
  0.60000000000000009       0.59999686686424991     
  0.70000000000000007       0.69999466043108971     
  0.80000000000000004       0.79999104681732003     
  0.90000000000000002       0.89998521728367964     
   1.0000000000000000       0.99997595291257679     
   1.1000000000000001        1.0999614452888427     
   1.2000000000000002        1.1999390527939691     
   1.3000000000000000        1.2999049753368626     
   1.4000000000000001        1.3998538280362260     
   1.5000000000000000        1.4997780925729740     
   1.6000000000000001        1.5996674239988724     
   1.7000000000000002        1.6995077911176155     
   1.8000000000000000        1.7992804305614947     
   1.9000000000000001        1.8989605987639890     
   2.0000000000000000        1.9985161125005473     
   2.1000000000000001        2.0979056777391589     
   2.2000000000000002        2.1970770182359609     
   2.3000000000000003        2.2959648294322372     
   2.4000000000000004        2.3944885993018725     
   2.5000000000000000        2.4925503551321326     
   2.6000000000000001        2.5900324128007406     
   2.7000000000000002        2.6867952217189113     
   2.8000000000000003        2.7826754128686662     
   2.9000000000000004        2.8774841678411121     
   3.0000000000000000        2.9710060321091047     
   3.1000000000000001        3.0629982947621679     
   3.2000000000000002        3.1531910487326344     
   3.3000000000000003        3.2412880297223405     
   3.4000000000000004        3.3269683086914066     
   3.5000000000000000        3.4098888825537497     
   3.6000000000000001        3.4896881718627557     
   3.7000000000000002        3.5659903945032418     
   3.8000000000000003        3.6384107428829529     
   3.9000000000000004        3.7065612512573116     
   4.0000000000000000        3.7700572021383425     
   4.1000000000000005        3.8285238886509352     
   4.2000000000000002        3.8816035253430154     
   4.2999999999999998        3.9289620850165781     
   4.4000000000000004        3.9702958347263042     
   4.5000000000000000        4.0053373506242602     
   4.6000000000000005        4.0338608085435368     
   4.7000000000000002        4.0556863741633506     
   4.8000000000000007        4.0706835517346782     
   4.9000000000000004        4.0787733916413602     
   5.0000000000000000        4.0799295021740951     
   5.1000000000000005        4.0741778572993264     
   5.2000000000000002        4.0615954374308032     
   5.3000000000000007        4.0423077819662074     
   5.4000000000000004        4.0164855686710190     
   5.5000000000000000        3.9843403643489044     
   5.6000000000000005        3.9461197126078518     
   5.7000000000000002        3.9021017374191747     
   5.8000000000000007        3.8525894455938694     
   5.9000000000000004        3.7979049077574643     
   6.0000000000000000        3.7383834867731953     
   6.1000000000000005        3.6743682660254238     
   6.2000000000000002        3.6062048089067340     
   6.3000000000000007        3.5342363567190573     
   6.4000000000000004        3.4587995464595180     
   6.5000000000000000        3.3802207039807288     
   6.6000000000000005        3.2988127429979652     
   6.7000000000000002        3.2148726773588772     
   6.8000000000000007        3.1286797336560093     
   6.9000000000000004        3.0404940341646087     
   7.0000000000000000        2.9505558065071806     
   7.1000000000000005        2.8590850664455716     
   7.2000000000000002        2.7662817136596280     
   7.3000000000000007        2.6723259770196726     
   7.4000000000000004        2.5773791453205814     
   7.5000000000000000        2.4815845212713645     
   7.6000000000000005        2.3850685402455190     
   7.7000000000000002        2.2879420004118312     
   7.8000000000000007        2.1903013569238103     
   7.9000000000000004        2.0922300394324140     
   8.0000000000000000        1.9937997589406835     
   8.0999999999999996        1.8950717766428682     
   8.2000000000000011        1.7960981136523650     
   8.3000000000000007        1.6969226862536020     
   8.4000000000000004        1.5975823564027252     
   8.5000000000000000        1.4981078915921424     
   8.5999999999999996        1.3985248318695620     
   8.7000000000000011        1.2988542647829233     
   8.8000000000000007        1.1991135113545659     
   8.9000000000000004        1.0993167279355898     
   9.0000000000000000       0.99947543003047434     
   9.0999999999999996       0.89959894499404225     
   9.2000000000000011       0.79969480096987744     
   9.3000000000000007       0.69976905964047920     
   9.4000000000000004       0.59982660036818869     
   9.5000000000000000       0.49987136318812470     
   9.6000000000000014       0.39990655792702318     
   9.7000000000000011       0.29993484651247343     
   9.8000000000000007       0.19995850534307377     
   9.9000000000000004        9.9979574438850249E-002
   10.000000000000000        0.0000000000000000     
