   0.0000000000000000        0.0000000000000000     
  0.10000000000000001        5.8709915531240789E-002
  0.20000000000000001       0.11732381339394589     
  0.30000000000000004       0.17578423310097155     
  0.40000000000000002       0.23403389416780787     
  0.50000000000000000       0.29201574991397122     
  0.60000000000000009       0.34967304111837338     
  0.70000000000000007       0.40694934949705447     
  0.80000000000000004       0.46378865097048511     
  0.90000000000000002       0.52013536868632826     
   1.0000000000000000       0.57593442576211806     
   1.1000000000000001       0.63113129771077570     
   1.2000000000000002       0.68567206451026819     
   1.3000000000000000       0.73950346227703301     
   1.4000000000000001       0.79257293450106914     
   1.5000000000000000       0.84482868279885348     
   1.6000000000000001       0.89621971713849646     
   1.7000000000000002       0.94669590548982985     
   1.8000000000000000       0.99620802285044552     
   1.9000000000000001        1.0447077995970910     
   2.0000000000000000        1.0921479691103071     
   2.1000000000000001        1.1384823146187781     
   2.2000000000000002        1.1836657152085779     
   2.3000000000000003        1.2276541909413623     
   2.4000000000000004        1.2704049470245813     
   2.5000000000000000        1.3118764169760000     
   2.6000000000000001        1.3520283047242265     
   2.7000000000000002        1.3908216255865677     
   2.8000000000000003        1.4282187460653790     
   2.9000000000000004        1.4641834224041641     
   3.0000000000000000        1.4986808378449969     
   3.1000000000000001        1.5316776385294286     
   3.2000000000000002        1.5631419679858611     
   3.3000000000000003        1.5930435001474732     
   3.4000000000000004        1.6213534708461266     
   3.5000000000000000        1.6480447077292881     
   3.6000000000000001        1.6730916585488684     
   3.7000000000000002        1.6964704177729781     
   3.8000000000000003        1.7181587514739616     
   3.9000000000000004        1.7381361204486403     
   4.0000000000000000        1.7563837015295003     
   4.1000000000000005        1.7728844070485659     
   4.2000000000000002        1.7876229024188974     
   4.2999999999999998        1.8005856218020266     
   4.4000000000000004        1.8117607818331742     
   4.5000000000000000        1.8211383933797656     
   4.6000000000000005        1.8287102713125556     
   4.7000000000000002        1.8344700422725568     
   4.8000000000000007        1.8384131504209416     
   4.9000000000000004        1.8405368611631074     
   5.0000000000000000        1.8408402628421543     
   5.1000000000000005        1.8393242664010905     
   5.2000000000000002        1.8359916030171455     
   5.3000000000000007        1.8308468197155852     
   5.4000000000000004        1.8238962729744026     
   5.5000000000000000        1.8151481203351454     
   5.6000000000000005        1.8046123100389408     
   5.7000000000000002        1.7923005687104574     
   5.8000000000000007        1.7782263871160917     
   5.9000000000000004        1.7624050040260617     
   6.0000000000000000        1.7448533882133126     
   6.1000000000000005        1.7255902186251924     
   6.2000000000000002        1.7046358627666944     
   6.3000000000000007        1.6820123533367168     
   6.4000000000000004        1.6577433631612106     
   6.5000000000000000        1.6318541784692946     
   6.6000000000000005        1.6043716705603868     
   6.7000000000000002        1.5753242659121509     
   6.8000000000000007        1.5447419147805526     
   6.9000000000000004        1.5126560583445978     
   7.0000000000000000        1.4790995944493583     
   7.1000000000000005        1.4441068420016960     
   7.2000000000000002        1.4077135040736777     
   7.3000000000000007        1.3699566297690331     
   7.4000000000000004        1.3308745749081614     
   7.5000000000000000        1.2905069615871407     
   7.6000000000000005        1.2488946366659626     
   7.7000000000000002        1.2060796292407958     
   7.8000000000000007        1.1621051071545143     
   7.9000000000000004        1.1170153325989984     
   8.0000000000000000        1.0708556168618701     
   8.0999999999999996        1.0236722742693545     
   8.2000000000000011       0.97551257537589608     
   8.3000000000000007       0.92642469945001771     
   8.4000000000000004       0.87645768630469745     
   8.5000000000000000       0.82566138751929796     
   8.5999999999999996       0.77408641709880133     
   8.7000000000000011       0.72178410161481865     
   8.8000000000000007       0.66880642987156824     
   8.9000000000000004       0.61520600213876309     
   9.0000000000000000       0.56103597899213931     
   9.0999999999999996       0.50635002980119892     
   9.2000000000000011       0.45120228090265724     
   9.3000000000000007       0.39564726349707890     
   9.4000000000000004       0.33973986130527900     
   9.5000000000000000       0.28353525802025914     
   9.6000000000000014       0.22708888458975768     
   9.7000000000000011       0.17045636636392036     
   9.8000000000000007       0.11369347014215476     
   9.9000000000000004        5.6856051152917066E-002
   10.000000000000000        0.0000000000000000     
