   0.0000000000000000        0.0000000000000000     
  0.10000000000000001        4.5151019169344095E-002
  0.20000000000000001        9.0227839595561646E-002
  0.30000000000000004       0.13518606332133865     
  0.40000000000000002       0.17998143774523961     
  0.50000000000000000       0.22456989894557219     
  0.60000000000000009       0.26890761480082215     
  0.70000000000000007       0.31295102786623330     
  0.80000000000000004       0.35665689796624589     
  0.90000000000000002       0.39998234446266789     
   1.0000000000000000       0.44288488815864269     
   1.1000000000000001       0.48532249279868989     
   1.2000000000000002       0.52725360612533734     
   1.3000000000000000       0.56863720045313459     
   1.4000000000000001       0.60943281272113881     
   1.5000000000000000       0.64960058398529841     
   1.6000000000000001       0.68910129831252787     
   1.7000000000000002       0.72789642103866925     
   1.8000000000000000       0.76594813635297654     
   1.9000000000000001       0.80321938417223648     
   2.0000000000000000       0.83967389626815592     
   2.1000000000000001       0.87527623161220514     
   2.2000000000000002       0.90999181090270720     
   2.3000000000000003       0.94378695023960368     
   2.4000000000000004       0.97662889391301777     
   2.5000000000000000        1.0084858462724651     
   2.6000000000000001        1.0393270026443415     
   2.7000000000000002        1.0691225792661392     
   2.8000000000000003        1.0978438422067129     
   2.9000000000000004        1.1254631352428344     
   3.0000000000000000        1.1519539066632307     
   3.1000000000000001        1.1772907349723172     
   3.2000000000000002        1.2014493534668818     
   3.3000000000000003        1.2244066736600798     
   3.4000000000000004        1.2461408075282383     
   3.5000000000000000        1.2666310885571510     
   3.6000000000000001        1.2858580915657736     
   3.7000000000000002        1.3038036512864914     
   3.8000000000000003        1.3204508796824344     
   3.9000000000000004        1.3357841819836513     
   4.0000000000000000        1.3497892714253337     
   4.1000000000000005        1.3624531826726702     
   4.2000000000000002        1.3737642839183617     
   4.2999999999999998        1.3837122876402681     
   4.4000000000000004        1.3922882600081563     
   4.5000000000000000        1.3994846289300074     
   4.6000000000000005        1.4052951907298730     
   4.7000000000000002        1.4097151154507950     
   4.8000000000000007        1.4127409507778577     
   4.9000000000000004        1.4143706245779910     
   5.0000000000000000        1.4146034460547010     
   5.1000000000000005        1.4134401055174708     
   5.2000000000000002        1.4108826727671266     
   5.3000000000000007        1.4069345941000249     
   5.4000000000000004        1.4016006879354546     
   5.5000000000000000        1.3948871390721946     
   5.6000000000000005        1.3868014915816751     
   5.7000000000000002        1.3773526403467038     
   5.8000000000000007        1.3665508212561981     
   5.9000000000000004        1.3544076000678247     
   6.0000000000000000        1.3409358599518841     
   6.1000000000000005        1.3261497877311854     
   6.2000000000000002        1.3100648588330313     
   6.3000000000000007        1.2926978209707802     
   6.4000000000000004        1.2740666765737638     
   6.5000000000000000        1.2541906639856075     
   6.6000000000000005        1.2330902374522452     
   6.7000000000000002        1.2107870459221104     
   6.8000000000000007        1.1873039106821470     
   6.9000000000000004        1.1626648018544001     
   7.0000000000000000        1.1368948137790140     
   7.1000000000000005        1.1100201393105060     
   7.2000000000000002        1.0820680430551626     
   7.3000000000000007        1.0530668335783557     
   7.4000000000000004        1.0230458346114744     
   7.5000000000000000       0.99203535528902487     
   7.6000000000000005       0.96006665944726732     
   7.7000000000000002       0.92717193401652809     
   7.8000000000000007       0.89338425654005438     
   7.9000000000000004       0.85873756185296823     
   8.0000000000000000       0.82326660795551954     
   8.0999999999999996       0.78700694111544689     
   8.2000000000000011       0.74999486023482165     
   8.3000000000000007       0.71226738051727778     
   8.4000000000000004       0.67386219647202539     
   8.5000000000000000       0.63481764429149901     
   8.5999999999999996       0.59517266363991372     
   8.7000000000000011       0.55496675889038971     
   8.8000000000000007       0.51423995984866189     
   8.9000000000000004       0.47303278200171139     
   9.0000000000000000       0.43138618632995146     
   9.0999999999999996       0.38934153872186272     
   9.2000000000000011       0.34694056903020737     
   9.3000000000000007       0.30422532980915923     
   9.4000000000000004       0.26123815477186779     
   9.5000000000000000       0.21802161700812886     
   9.6000000000000014       0.17461848700196281     
   9.7000000000000011       0.13107169048900655     
   9.8000000000000007        8.7424266193705302E-002
   9.9000000000000004        4.3719323486345128E-002
   10.000000000000000        0.0000000000000000     
