   0.0000000000000000        0.0000000000000000     
  0.10000000000000001        2.8488480481277091E-002
  0.20000000000000001        5.6930114199377553E-002
  0.30000000000000004        8.5296870122367988E-002
  0.40000000000000002       0.11356080952191822     
  0.50000000000000000       0.14169411347484759     
  0.60000000000000009       0.16966911022855174     
  0.70000000000000007       0.19745830240343076     
  0.80000000000000004       0.22503439400561501     
  0.90000000000000002       0.25237031722348885     
   1.0000000000000000       0.27943925898173927     
   1.1000000000000001       0.30621468722691142     
   1.2000000000000002       0.33267037691873119     
   1.3000000000000000       0.35878043570175994     
   1.4000000000000001       0.38451932923227505     
   1.5000000000000000       0.40986190613562362     
   1.6000000000000001       0.43478342256967367     
   1.7000000000000002       0.45925956637038950     
   1.8000000000000000       0.48326648075598144     
   1.9000000000000001       0.50678078756652867     
   2.0000000000000000       0.52977961001644402     
   2.1000000000000001       0.55224059493764155     
   2.2000000000000002       0.57414193449178152     
   2.3000000000000003       0.59546238733050405     
   2.4000000000000004       0.61618129918311559     
   2.5000000000000000       0.63627862285177217     
   2.6000000000000001       0.65573493759479351     
   2.7000000000000002       0.67453146787936213     
   2.8000000000000003       0.69265010148548967     
   2.9000000000000004       0.71007340694378451     
   3.0000000000000000       0.72678465029022332     
   3.1000000000000001       0.74276781112181189     
   3.2000000000000002       0.75800759793771888     
   3.3000000000000003       0.77248946275118413     
   3.4000000000000004       0.78619961495822877     
   3.5000000000000000       0.79912503444993965     
   3.6000000000000001       0.81125348395585262     
   3.7000000000000002       0.82257352060673161     
   3.8000000000000003       0.83307450670581451     
   3.9000000000000004       0.84274661969838938     
   4.0000000000000000       0.85158086133036182     
   4.1000000000000005       0.85956906598728466     
   4.2000000000000002       0.86670390820613419     
   4.2999999999999998       0.87297890935294442     
   4.4000000000000004       0.87838844346023659     
   4.5000000000000000       0.88292774221902093     
   4.6000000000000005       0.88659289912098471     
   4.7000000000000002       0.88938087274732724     
   4.8000000000000007       0.89128948920154638     
   4.9000000000000004       0.89231744368433596     
   5.0000000000000000       0.89246430120959763     
   5.1000000000000005       0.89173049646142766     
   5.2000000000000002       0.89011733279278593     
   5.3000000000000007       0.88762698036740573     
   5.4000000000000004       0.88426247344734921     
   5.5000000000000000       0.88002770682945897     
   5.6000000000000005       0.87492743143479468     
   5.7000000000000002       0.86896724905598077     
   5.8000000000000007       0.86215360626822046     
   5.9000000000000004       0.85449378751055527     
   6.0000000000000000       0.84599590734476593     
   6.1000000000000005       0.83666890190011789     
   6.2000000000000002       0.82652251951295630     
   6.3000000000000007       0.81556731057094101     
   6.4000000000000004       0.80381461657249709     
   6.5000000000000000       0.79127655841281985     
   6.6000000000000005       0.77796602390853187     
   6.7000000000000002       0.76389665457383260     
   6.8000000000000007       0.74908283166171108     
   6.9000000000000004       0.73353966148450833     
   7.0000000000000000       0.71728296002881686     
   7.1000000000000005       0.70032923688039117     
   7.2000000000000002       0.68269567847541046     
   7.3000000000000007       0.66440013069509052     
   7.4000000000000004       0.64546108082127440     
   7.5000000000000000       0.62589763887124883     
   7.6000000000000005       0.60572951833063404     
   7.7000000000000002       0.58497701630377130     
   7.8000000000000007       0.56366099310159357     
   7.9000000000000004       0.54180285128750472     
   8.0000000000000000       0.51942451420230951     
   8.0999999999999996       0.49654840398973632     
   8.2000000000000011       0.47319741914456837     
   8.3000000000000007       0.44939491160585526     
   8.4000000000000004       0.42516466341810577     
   8.5000000000000000       0.40053086298377244     
   8.5999999999999996       0.37551808093072370     
   8.7000000000000011       0.35015124561876049     
   8.8000000000000007       0.32445561830957237     
   8.9000000000000004       0.29845676802484156     
   9.0000000000000000       0.27218054611749160     
   9.0999999999999996       0.24565306058134376     
   9.2000000000000011       0.21890065012468096     
   9.3000000000000007       0.19194985803343559     
   9.4000000000000004       0.16482740584990527     
   9.5000000000000000       0.13756016689306427     
   9.6000000000000014       0.11017513964667665     
   9.7000000000000011        8.2699421041528429E-002
   9.8000000000000007        5.5160179658183532E-002
   9.9000000000000004        2.7584628876727739E-002
   10.000000000000000        0.0000000000000000     
