   0.0000000000000000        0.0000000000000000     
  0.10000000000000001        6.6881933521605638E-002
  0.20000000000000001       0.13365560729376461     
  0.30000000000000004       0.20025621805256025     
  0.40000000000000002       0.26661914575912038     
  0.50000000000000000       0.33268000874830939     
  0.60000000000000009       0.39837471899831028     
  0.70000000000000007       0.46363953753587667     
  0.80000000000000004       0.52841112998739481     
  0.90000000000000002       0.59262662228070007     
   1.0000000000000000       0.65622365649689440     
   1.1000000000000001       0.71914044686527046     
   1.2000000000000002       0.78131583588792675     
   1.3000000000000000       0.84268935057381611     
   1.4000000000000001       0.90320125875488511     
   1.5000000000000000       0.96279262544969746     
   1.6000000000000001        1.0214053692325635     
   1.7000000000000002        1.0789823185587981     
   1.8000000000000000        1.1354672679893698     
   1.9000000000000001        1.1908050342509584     
   2.0000000000000000        1.2449415120603797     
   2.1000000000000001        1.2978237296355379     
   2.2000000000000002        1.3493999038085895     
   2.3000000000000003        1.3996194946509177     
   2.4000000000000004        1.4484332595138871     
   2.5000000000000000        1.4957933063842259     
   2.6000000000000001        1.5416531464483256     
   2.7000000000000002        1.5859677457558061     
   2.8000000000000003        1.6286935758694021     
   2.9000000000000004        1.6697886633856303     
   3.0000000000000000        1.7092126382088277     
   3.1000000000000001        1.7469267804600230     
   3.2000000000000002        1.7828940659017507     
   3.3000000000000003        1.8170792097603394     
   3.4000000000000004        1.8494487088284119     
   3.5000000000000000        1.8799708817323302     
   3.6000000000000001        1.9086159072520774     
   3.7000000000000002        1.9353558605845986     
   3.8000000000000003        1.9601647474458825     
   3.9000000000000004        1.9830185359120447     
   4.0000000000000000        2.0038951859053169     
   4.1000000000000005        2.0227746762371459     
   4.2000000000000002        2.0396390291274833     
   4.2999999999999998        2.0544723321267719     
   4.4000000000000004        2.0672607573750650     
   4.5000000000000000        2.0779925781410493     
   4.6000000000000005        2.0866581825924833     
   4.7000000000000002        2.0932500847585764     
   4.8000000000000007        2.0977629326541201     
   4.9000000000000004        2.1001935135446232     
   5.0000000000000000        2.1005407563412528     
   5.1000000000000005        2.0988057311239698     
   5.2000000000000002        2.0949916458008007     
   5.3000000000000007        2.0891038399206323     
   5.4000000000000004        2.0811497756661939     
   5.5000000000000000        2.0711390260629337     
   5.6000000000000005        2.0590832604482365     
   5.7000000000000002        2.0449962272538063     
   5.8000000000000007        2.0288937341620108     
   5.9000000000000004        2.0107936257044718     
   6.0000000000000000        1.9907157583781656     
   6.1000000000000005        1.9686819733607102     
   6.2000000000000002        1.9447160669123351     
   6.3000000000000007        1.9188437585572047     
   6.4000000000000004        1.8910926571412889     
   6.5000000000000000        1.8614922248678096     
   6.6000000000000005        1.8300737394144275     
   6.7000000000000002        1.7968702542387638     
   6.8000000000000007        1.7619165571805657     
   6.9000000000000004        1.7252491274698292     
   7.0000000000000000        1.6869060912504992     
   7.1000000000000005        1.6469271757289803     
   7.2000000000000002        1.6053536620556417     
   7.3000000000000007        1.5622283370458101     
   7.4000000000000004        1.5175954438444359     
   7.5000000000000000        1.4715006316357429     
   7.6000000000000005        1.4239909044957559     
   7.7000000000000002        1.3751145694816973     
   7.8000000000000007        1.3249211840478925     
   7.9000000000000004        1.2734615028730891     
   8.0000000000000000        1.2207874241790169     
   8.0999999999999996        1.1669519356146552     
   8.2000000000000011        1.1120090597750989     
   8.3000000000000007        1.0560137994181673     
   8.4000000000000004       0.99902208243605206     
   8.5000000000000000       0.94109070663341310     
   8.5999999999999996       0.88227728435745356     
   8.7000000000000011       0.82264018701970765     
   8.8000000000000007       0.76223848954360884     
   8.9000000000000004       0.70113191476642600     
   9.0000000000000000       0.63938077781891833     
   9.0999999999999996       0.57704593050111219     
   9.2000000000000011       0.51418870566799535     
   9.3000000000000007       0.45087086163469287     
   9.4000000000000004       0.38715452660688154     
   9.5000000000000000       0.32310214313884322     
   9.6000000000000014       0.25877641261868567     
   9.7000000000000011       0.19424023977789584     
   9.8000000000000007       0.12955667722055531     
   9.9000000000000004        6.4788869966254423E-002
   10.000000000000000        0.0000000000000000     
