   0.0000000000000000        0.0000000000000000     
  0.10000000000000001        5.1493511549713759E-002
  0.20000000000000001       0.10290250643979824     
  0.30000000000000004       0.15417641127799772     
  0.40000000000000002       0.20526481640486341     
  0.50000000000000000       0.25611752472915594     
  0.60000000000000009       0.30668460035811218     
  0.70000000000000007       0.35691641698122334     
  0.80000000000000004       0.40676370596602046     
  0.90000000000000002       0.45617760412420222     
   1.0000000000000000       0.50510970110627362     
   1.1000000000000001       0.55351208638269767     
   1.2000000000000002       0.60133739576939738     
   1.3000000000000000       0.64853885745529660     
   1.4000000000000001       0.69507033748945146     
   1.5000000000000000       0.74088638468520973     
   1.6000000000000001       0.78594227489875390     
   1.7000000000000002       0.83019405463933227     
   1.8000000000000000       0.87359858396847501     
   1.9000000000000001       0.91611357864552978     
   2.0000000000000000       0.95769765147694597     
   2.1000000000000001       0.99831035282688563     
   2.2000000000000002        1.0379122102469573     
   2.3000000000000003        1.0764647671831518     
   2.4000000000000004        1.1139306207184232     
   2.5000000000000000        1.1502734583097984     
   2.6000000000000001        1.1854580934794179     
   2.7000000000000002        1.2194505004195255     
   2.8000000000000003        1.2522178474721259     
   2.9000000000000004        1.2837285294448175     
   3.0000000000000000        1.3139521987252005     
   3.1000000000000001        1.3428597951572392     
   3.2000000000000002        1.3704235746440410     
   3.3000000000000003        1.3966171364426878     
   3.4000000000000004        1.4214154491180271     
   3.5000000000000000        1.4447948751236936     
   3.6000000000000001        1.4667331939800980     
   3.7000000000000002        1.4872096240206558     
   3.8000000000000003        1.5062048426791699     
   3.9000000000000004        1.5237010052930002     
   4.0000000000000000        1.5396817623984393     
   4.1000000000000005        1.5541322754965901     
   4.2000000000000002        1.5670392312699750     
   4.2999999999999998        1.5783908542321021     
   4.4000000000000004        1.5881769177942715     
   4.5000000000000000        1.5963887537360077     
   4.6000000000000005        1.6030192600676456     
   4.7000000000000002        1.6080629072757833     
   4.8000000000000007        1.6115157429445155     
   4.9000000000000004        1.6133753947475957     
   5.0000000000000000        1.6136410718089058     
   5.1000000000000005        1.6123135644308590     
   5.2000000000000002        1.6093952421926006     
   5.3000000000000007        1.6048900504220949     
   5.4000000000000004        1.5988035050483975     
   5.5000000000000000        1.5911426858425894     
   5.6000000000000005        1.5819162280580008     
   5.7000000000000002        1.5711343124824537     
   5.8000000000000007        1.5588086539173152     
   5.9000000000000004        1.5449524881001555     
   6.0000000000000000        1.5295805570897498     
   6.1000000000000005        1.5127090931340466     
   6.2000000000000002        1.4943558010435305     
   6.3000000000000007        1.4745398390941522     
   6.4000000000000004        1.4532817984856454     
   6.5000000000000000        1.4306036813826390     
   6.6000000000000005        1.4065288775674611     
   6.7000000000000002        1.3810821397349362     
   6.8000000000000007        1.3542895574608045     
   6.9000000000000004        1.3261785298766169     
   7.0000000000000000        1.2967777370851057     
   7.1000000000000005        1.2661171103510864     
   7.2000000000000002        1.2342278011039087     
   7.3000000000000007        1.2011421487883613     
   7.4000000000000004        1.1668936476017253     
   7.5000000000000000        1.1315169121553892     
   7.6000000000000005        1.0950476421000723     
   7.7000000000000002        1.0575225857542618     
   7.8000000000000007        1.0189795027759523     
   7.9000000000000004       0.97945712591820089     
   8.0000000000000000       0.93899512190935663     
   8.0999999999999996       0.89763405149912356     
   8.2000000000000011       0.85541532871184844     
   8.3000000000000007       0.81238117934861864     
   8.4000000000000004       0.76857459877989365     
   8.5000000000000000       0.72403930907049818     
   8.5999999999999996       0.67881971547887132     
   8.7000000000000011       0.63296086237250127     
   8.8000000000000007       0.58650838860148868     
   8.9000000000000004       0.53950848237216709     
   9.0000000000000000       0.49200783566268502     
   9.0999999999999996       0.44405359822241469     
   9.2000000000000011       0.39569333119700240     
   9.3000000000000007       0.34697496042082626     
   9.4000000000000004       0.29794672941857225     
   9.5000000000000000       0.24865715215758652     
   9.6000000000000014       0.19915496559261656     
   9.7000000000000011       0.14948908204451042     
   9.8000000000000007        9.9708541454411118E-002
   9.9000000000000004        4.9862463554958866E-002
   10.000000000000000        0.0000000000000000     
