   0.0000000000000000        0.0000000000000000     
  0.10000000000000001        8.0861224155291428E-002
  0.20000000000000001       0.16159965172212928     
  0.30000000000000004       0.24214165684465547     
  0.40000000000000002       0.32241367829169654     
  0.50000000000000000       0.40234224197515356     
  0.60000000000000009       0.48185398566396764     
  0.70000000000000007       0.56087568627493778     
  0.80000000000000004       0.63933429009298670     
  0.90000000000000002       0.71715694624126514     
   1.0000000000000000       0.79427104368606072     
   1.1000000000000001       0.87060425202315284     
   1.2000000000000002       0.94608456625137982     
   1.3000000000000000        1.0206403556961368     
   1.4000000000000001        1.0942004172006792     
   1.5000000000000000        1.1666940326568873     
   1.6000000000000001        1.2380510308999479     
   1.7000000000000002        1.3082018539436790     
   1.8000000000000000        1.3770776274853640     
   1.9000000000000001        1.4446102355614274     
   2.0000000000000000        1.5107323991884816     
   2.1000000000000001        1.5753777587786333     
   2.2000000000000002        1.6384809600738759     
   2.3000000000000003        1.6999777433022785     
   2.4000000000000004        1.7598050352189314     
   2.5000000000000000        1.8179010436575416     
   2.6000000000000001        1.8742053541845478     
   2.7000000000000002        1.9286590284169371     
   2.8000000000000003        1.9812047035378779     
   2.9000000000000004        2.0317866925210724     
   3.0000000000000000        2.0803510845555913     
   3.1000000000000001        2.1268458451480554     
   3.2000000000000002        2.1712209153685058     
   3.3000000000000003        2.2134283097002432     
   3.4000000000000004        2.2534222119524010     
   3.5000000000000000        2.2911590686970129     
   3.6000000000000001        2.3265976796998529     
   3.7000000000000002        2.3596992848262879     
   3.8000000000000003        2.3904276469196737     
   3.9000000000000004        2.4187491301702870     
   4.0000000000000000        2.4446327735172728     
   4.1000000000000005        2.4680503586543248     
   4.2000000000000002        2.4889764722415961     
   4.2999999999999998        2.5073885619613430     
   4.4000000000000004        2.5232669860927355     
   4.5000000000000000        2.5365950563217901     
   4.6000000000000005        2.5473590735451039     
   4.7000000000000002        2.5555483564706645     
   4.8000000000000007        2.5611552628650083     
   4.9000000000000004        2.5641752033430900     
   5.0000000000000000        2.5646066476448905     
   5.1000000000000005        2.5624511233907077     
   5.2000000000000002        2.5577132073547504     
   5.3000000000000007        2.5504005093437403     
   5.4000000000000004        2.5405236488132754     
   5.5000000000000000        2.5280962243993459     
   5.6000000000000005        2.5131347765852476     
   5.7000000000000002        2.4956587437648414     
   5.8000000000000007        2.4756904120013425     
   5.9000000000000004        2.4532548588162606     
   6.0000000000000000        2.4283798913754757     
   6.1000000000000005        2.4010959794685003     
   6.2000000000000002        2.3714361837024778     
   6.3000000000000007        2.3394360793542601     
   6.4000000000000004        2.3051336763418102     
   6.5000000000000000        2.2685693357901062     
   6.6000000000000005        2.2297856836765706     
   6.7000000000000002        2.1888275220468008     
   6.8000000000000007        2.1457417382930095     
   6.9000000000000004        2.1005772129851552     
   7.0000000000000000        2.0533847267382908     
   7.1000000000000005        2.0042168665893163     
   7.2000000000000002        1.9531279323422139     
   7.3000000000000007        1.9001738433231374     
   7.4000000000000004        1.8454120459656389     
   7.5000000000000000        1.7889014226220457     
   7.6000000000000005        1.7307022019698377     
   7.7000000000000002        1.6708758713520604     
   7.8000000000000007        1.6094850913586609     
   7.9000000000000004        1.5465936129214721     
   8.0000000000000000        1.4822661971596915     
   8.0999999999999996        1.4165685381754860     
   8.2000000000000011        1.3495671889611198     
   8.3000000000000007        1.2813294905401189     
   8.4000000000000004        1.2119235044258028     
   8.5000000000000000        1.1414179484413849     
   8.5999999999999996        1.0698821359071280     
   8.7000000000000011       0.99738591816206446     
   8.8000000000000007       0.92399963035091348     
   8.9000000000000004       0.84979404037134143     
   9.0000000000000000       0.77484030084294608     
   9.0999999999999996       0.69920990392757654     
   9.2000000000000011       0.62297463880109671     
   9.3000000000000007       0.54620655154971809     
   9.4000000000000004       0.46897790723977167     
   9.5000000000000000       0.39136115388847575     
   9.6000000000000014       0.31342888804503993     
   9.7000000000000011       0.23525382167647479     
   9.8000000000000007       0.15690875004086316     
   9.9000000000000004        7.8466520222672489E-002
   10.000000000000000        0.0000000000000000     
