   0.0000000000000000        0.0000000000000000     
  0.10000000000000001        9.0590706356200076E-002
  0.20000000000000001       0.18106535889441641     
  0.30000000000000004       0.27135404052397588     
  0.40000000000000002       0.36138649946093226     
  0.50000000000000000       0.45109205933198715     
  0.60000000000000009       0.54039953669317453     
  0.70000000000000007       0.62923716729363199     
  0.80000000000000004       0.71753254233773267     
  0.90000000000000002       0.80521255591137331     
   1.0000000000000000       0.89220336464079886     
   1.1000000000000001       0.97843036054555788     
   1.2000000000000002        1.0638181579316799     
   1.3000000000000000        1.1482905950476687     
   1.4000000000000001        1.2317707510952491     
   1.5000000000000000        1.3141809790498702     
   1.6000000000000001        1.3954429546037690     
   1.7000000000000002        1.4754777413979738     
   1.8000000000000000        1.5542058725601446     
   1.9000000000000001        1.6315474484138037     
   2.0000000000000000        1.7074222500725886     
   2.1000000000000001        1.7817498684819721     
   2.2000000000000002        1.8544498483218144     
   2.3000000000000003        1.9254418460375280     
   2.4000000000000004        1.9946458011269255     
   2.5000000000000000        2.0619821196754060     
   2.6000000000000001        2.1273718690053602     
   2.7000000000000002        2.1907369821878824     
   2.8000000000000003        2.2520004710573374     
   2.9000000000000004        2.3110866462732269     
   3.0000000000000000        2.3679213428902606     
   3.1000000000000001        2.4224321498275216     
   3.2000000000000002        2.4745486415720199     
   3.3000000000000003        2.5242026104114474     
   3.4000000000000004        2.5713282974661942     
   3.5000000000000000        2.6158626207820124     
   3.6000000000000001        2.6577453987524193     
   3.7000000000000002        2.6969195671640036     
   3.8000000000000003        2.7333313881981702     
   3.9000000000000004        2.7669306497791726     
   4.0000000000000000        2.7976708537300614     
   4.1000000000000005        2.8255093912847520     
   4.2000000000000002        2.8504077046049181     
   4.2999999999999998        2.8723314330638656     
   4.4000000000000004        2.8912505431847499     
   4.5000000000000000        2.9071394412562026     
   4.6000000000000005        2.9199770677931762     
   4.7000000000000002        2.9297469731631294     
   4.8000000000000007        2.9364373738559149     
   4.9000000000000004        2.9400411890382667     
   5.0000000000000000        2.9405560571989082     
   5.1000000000000005        2.9379843328562800     
   5.2000000000000002        2.9323330634660256     
   5.3000000000000007        2.9236139468279645     
   5.4000000000000004        2.9118432694506931     
   5.5000000000000000        2.8970418264845983     
   5.6000000000000005        2.8792348239794516     
   5.7000000000000002        2.8584517643594984     
   5.8000000000000007        2.8347263161357623     
   5.9000000000000004        2.8080961689910349     
   6.0000000000000000        2.7786028754766980     
   6.1000000000000005        2.7462916806512823     
   6.2000000000000002        2.7112113410678038     
   6.3000000000000007        2.6734139345799148     
   6.4000000000000004        2.6329546624853912     
   6.5000000000000000        2.5898916455592262     
   6.6000000000000005        2.5442857155475984     
   6.7000000000000002        2.4962002036983213     
   6.8000000000000007        2.4457007278933123     
   6.9000000000000004        2.3928549799245751     
   7.0000000000000000        2.3377325144176653     
   7.1000000000000005        2.2804045408562819     
   7.2000000000000002        2.2209437200992470     
   7.3000000000000007        2.1594239667075614     
   7.4000000000000004        2.0959202583153793     
   7.5000000000000000        2.0305084531856732     
   7.6000000000000005        1.9632651169900581     
   7.7000000000000002        1.8942673597438937     
   7.8000000000000007        1.8235926837134304     
   7.9000000000000004        1.7513188429926358     
   8.0000000000000000        1.6775237153245144     
   8.0999999999999996        1.6022851866164105     
   8.2000000000000011        1.5256810484720504     
   8.3000000000000007        1.4477889089360665     
   8.4000000000000004        1.3686861165204860     
   8.5000000000000000        1.2884496974582240     
   8.5999999999999996        1.2071563060069344     
   8.7000000000000011        1.1248821875085935     
   8.8000000000000007        1.0417031537967882     
   8.9000000000000004       0.95769457043564654     
   9.0000000000000000       0.87293135517245546     
   9.0999999999999996       0.78748798689093014     
   9.2000000000000011       0.70143852426445874     
   9.3000000000000007       0.61485663322899908     
   9.4000000000000004       0.52781562232415113     
   9.5000000000000000       0.44038848488868554     
   9.6000000000000014       0.35264794704384367     
   9.7000000000000011       0.26466652035433963     
   9.8000000000000007       0.17651655802341229     
   9.9000000000000004        8.8270313454675772E-002
   10.000000000000000        0.0000000000000000     
