   0.0000000000000000        0.0000000000000000     
  0.10000000000000001        5.4986602778644873E-002
  0.20000000000000001       0.10988307503127503     
  0.30000000000000004       0.16463548235370762     
  0.40000000000000002       0.21919006286030990     
  0.50000000000000000       0.27349327867925821     
  0.60000000000000009       0.32749186725929436     
  0.70000000000000007       0.38113289244922283     
  0.80000000000000004       0.43436379531087987     
  0.90000000000000002       0.48713244462574073     
   1.0000000000000000       0.53938718705471944     
   1.1000000000000001       0.59107689691007193     
   1.2000000000000002       0.64215102549763869     
   1.3000000000000000       0.69255964998698094     
   1.4000000000000001       0.74225352176627002     
   1.5000000000000000       0.79118411423811108     
   1.6000000000000001       0.83930367001181794     
   1.7000000000000002       0.88656524744702425     
   1.8000000000000000       0.93292276650292882     
   1.9000000000000001       0.97833105384693730     
   2.0000000000000000        1.0227458871759971     
   2.1000000000000001        1.0661240387035318     
   2.2000000000000002        1.1084233177645777     
   2.3000000000000003        1.1496026124915231     
   2.4000000000000004        1.1896219305127576     
   2.5000000000000000        1.2284424386265547     
   2.6000000000000001        1.2660265014026628     
   2.7000000000000002        1.3023377186643577     
   2.8000000000000003        1.3373409618041221     
   2.9000000000000004        1.3710024088866883     
   3.0000000000000000        1.4032895784938801     
   3.1000000000000001        1.4341713622665579     
   3.2000000000000002        1.4636180560999841     
   3.3000000000000003        1.4916013899500900     
   3.4000000000000004        1.5180945562094557     
   3.5000000000000000        1.5430722366132845     
   3.6000000000000001        1.5665106276372822     
   3.7000000000000002        1.5883874643511200     
   3.8000000000000003        1.6086820426930803     
   3.9000000000000004        1.6273752401335271     
   4.0000000000000000        1.6444495346970260     
   4.1000000000000005        1.6598890223152372     
   4.2000000000000002        1.6736794324851163     
   4.2999999999999998        1.6858081422094737     
   4.4000000000000004        1.6962641881995499     
   4.5000000000000000        1.7050382773219535     
   4.6000000000000005        1.7121227952750651     
   4.7000000000000002        1.7175118134828309     
   4.8000000000000007        1.7212010941967251     
   4.9000000000000004        1.7231880937995614     
   5.0000000000000000        1.7234719643077427     
   5.1000000000000005        1.7220535530714576     
   5.2000000000000002        1.7189354006752522     
   5.3000000000000007        1.7141217370442938     
   5.4000000000000004        1.7076184757645083     
   5.5000000000000000        1.6994332066275890     
   5.6000000000000005        1.6895751864146418     
   5.7000000000000002        1.6780553279349160     
   5.8000000000000007        1.6648861873386949     
   5.9000000000000004        1.6500819497259400     
   6.0000000000000000        1.6336584130747134     
   6.1000000000000005        1.6156329705157233     
   6.2000000000000002        1.5960245909815456     
   6.3000000000000007        1.5748537982611555     
   6.4000000000000004        1.5521426484923662     
   6.5000000000000000        1.5279147061265934     
   6.6000000000000005        1.5021950184020540     
   6.7000000000000002        1.4750100883630592     
   6.8000000000000007        1.4463878464644722     
   6.9000000000000004        1.4163576208016666     
   7.0000000000000000        1.3849501060074556     
   7.1000000000000005        1.3521973308584405     
   7.2000000000000002        1.3181326246340888     
   7.3000000000000007        1.2827905822725592     
   7.4000000000000004        1.2462070283678877     
   7.5000000000000000        1.2084189800536023     
   7.6000000000000005        1.1694646088181841     
   7.7000000000000002        1.1293832012980234     
   7.8000000000000007        1.0882151190936413     
   7.9000000000000004        1.0460017576549865     
   8.0000000000000000        1.0027855042815468     
   8.0999999999999996       0.95860969528288409     
   8.2000000000000011       0.91351857234499001     
   8.3000000000000007       0.86755723814758501     
   8.4000000000000004       0.82077161127716425     
   8.5000000000000000       0.77320838048022500     
   8.5999999999999996       0.72491495830071406     
   8.7000000000000011       0.67593943414530822     
   8.8000000000000007       0.62633052681970725     
   8.9000000000000004       0.57613753657867461     
   9.0000000000000000       0.52541029673212214     
   9.0999999999999996       0.47419912484910748     
   9.2000000000000011       0.42255477360120275     
   9.3000000000000007       0.37052838128630955     
   9.4000000000000004       0.31817142207364246     
   9.5000000000000000       0.26553565601028922     
   9.6000000000000014       0.21267307882948203     
   9.7000000000000011       0.15963587160048950     
   9.8000000000000007       0.10647635025986059     
   9.9000000000000004        5.3246915063627144E-002
   10.000000000000000        0.0000000000000000     
