   0.0000000000000000        0.0000000000000000     
  0.10000000000000001        4.2277192583421400E-002
  0.20000000000000001        8.4484890212288735E-002
  0.30000000000000004       0.12658150979267868     
  0.40000000000000002       0.16852560470233066     
  0.50000000000000000       0.21027590546037569     
  0.60000000000000009       0.25179136020174597     
  0.70000000000000007       0.29303117491755787     
  0.80000000000000004       0.33395485342294540     
  0.90000000000000002       0.37452223701403603     
   1.0000000000000000       0.41469354377600476     
   1.1000000000000001       0.45442940750441663     
   1.2000000000000002       0.49369091620237282     
   1.3000000000000000       0.53243965011631300     
   1.4000000000000001       0.57063771927369489     
   1.5000000000000000       0.60824780048617366     
   1.6000000000000001       0.64523317378233902     
   1.7000000000000002       0.68155775823453724     
   1.8000000000000000       0.71718614714480711     
   1.9000000000000001       0.75208364255549998     
   2.0000000000000000       0.78621628905072560     
   2.1000000000000001       0.81955090681537690     
   2.2000000000000002       0.85205512391913263     
   2.3000000000000003       0.88369740779351857     
   2.4000000000000004       0.91444709587083106     
   2.5000000000000000       0.94427442535447781     
   2.6000000000000001       0.97315056209108775     
   2.7000000000000002        1.0010476285155714     
   2.8000000000000003        1.0279387306411785     
   2.9000000000000004        1.0537979840675025     
   3.0000000000000000        1.0786005389803204     
   3.1000000000000001        1.1023226041181298     
   3.2000000000000002        1.1249414696812536     
   3.3000000000000003        1.1464355291604211     
   3.4000000000000004        1.1667843000628144     
   3.5000000000000000        1.1859684435146696     
   3.6000000000000001        1.2039697827206588     
   3.7000000000000002        1.2207713202614503     
   3.8000000000000003        1.2363572542120262     
   3.9000000000000004        1.2507129930645682     
   4.0000000000000000        1.2638251694409537     
   4.1000000000000005        1.2756816525811800     
   4.2000000000000002        1.2862715595953140     
   4.2999999999999998        1.2955852654678743     
   4.4000000000000004        1.3036144118048734     
   4.5000000000000000        1.3103519143150824     
   4.6000000000000005        1.3157919690184370     
   4.7000000000000002        1.3199300571758530     
   4.8000000000000007        1.3227629489360948     
   4.9000000000000004        1.3242887056967136     
   5.0000000000000000        1.3245066811774437     
   5.1000000000000005        1.3234175212058295     
   5.2000000000000002        1.3210231622162276     
   5.3000000000000007        1.3173268284647077     
   5.4000000000000004        1.3123330279637355     
   5.5000000000000000        1.3060475471418913     
   5.6000000000000005        1.2984774442352169     
   5.7000000000000002        1.2896310414181302     
   5.8000000000000007        1.2795179156831611     
   5.9000000000000004        1.2681488884800767     
   6.0000000000000000        1.2555360141262484     
   6.1000000000000005        1.2416925670013801     
   6.2000000000000002        1.2266330275409654     
   6.3000000000000007        1.2103730670440656     
   6.4000000000000004        1.1929295313121924     
   6.5000000000000000        1.1743204231372559     
   6.6000000000000005        1.1545648836576781     
   6.7000000000000002        1.1336831726028855     
   6.8000000000000007        1.1116966474474825     
   6.9000000000000004        1.0886277414974508     
   7.0000000000000000        1.0644999409317508     
   7.1000000000000005        1.0393377608236809     
   7.2000000000000002        1.0131667201673040     
   7.3000000000000007       0.98601331593517694     
   7.4000000000000004       0.95790499619449565     
   7.5000000000000000       0.92887013230962434     
   7.6000000000000005       0.89893799025979071     
   7.7000000000000002       0.86813870110150815     
   7.8000000000000007       0.83650323060603182     
   7.9000000000000004       0.80406334810286539     
   8.0000000000000000       0.77085159456100782     
   8.0999999999999996       0.73690124994027040     
   8.2000000000000011       0.70224629984559817     
   8.3000000000000007       0.66692140151790047     
   8.4000000000000004       0.63096184919543163     
   8.5000000000000000       0.59440353888026254     
   8.5999999999999996       0.55728293254485750     
   8.7000000000000011       0.51963702181420113     
   8.8000000000000007       0.48150329115932655     
   8.9000000000000004       0.44291968063846698     
   9.0000000000000000       0.40392454822238993     
   9.0999999999999996       0.36455663174078323     
   9.2000000000000011       0.32485501048683768     
   9.3000000000000007       0.28485906651741744     
   9.4000000000000004       0.24460844568642590     
   9.5000000000000000       0.20414301844915911     
   9.6000000000000014       0.16350284047559627     
   9.7000000000000011       0.12272811311070279     
   9.8000000000000007        8.1859143719918578E-002
   9.9000000000000004        4.0936305958072079E-002
   10.000000000000000        0.0000000000000000     
