   0.0000000000000000        0.0000000000000000     
  0.10000000000000001        3.0426000917004075E-002
  0.20000000000000001        6.0801969569001670E-002
  0.30000000000000004        9.1097968852071581E-002
  0.40000000000000002       0.12128416023229380     
  0.50000000000000000       0.15133083311453488     
  0.60000000000000009       0.18120843406600429     
  0.70000000000000007       0.21088759586589986     
  0.80000000000000004       0.24033916635264840     
  0.90000000000000002       0.26953423704046026     
   1.0000000000000000       0.29844417147715979     
   1.1000000000000001       0.32704063331552147     
   1.2000000000000002       0.35529561407063792     
   1.3000000000000000       0.38318146053616731     
   1.4000000000000001       0.41067090183265770     
   1.5000000000000000       0.43773707606151946     
   1.6000000000000001       0.46435355653861837     
   1.7000000000000002       0.49049437758188646     
   1.8000000000000000       0.51613405982780025     
   1.9000000000000001       0.54124763505204976     
   2.0000000000000000       0.56581067047022160     
   2.1000000000000001       0.58979929249484397     
   2.2000000000000002       0.61319020992568507     
   2.3000000000000003       0.63596073655076801     
   2.4000000000000004       0.65808881313615508     
   2.5000000000000000       0.67955302878316781     
   2.6000000000000001       0.70033264163234177     
   2.7000000000000002       0.72040759889407147     
   2.8000000000000003       0.73975855618657260     
   2.9000000000000004       0.75836689616248365     
   3.0000000000000000       0.77621474640613886     
   3.1000000000000001       0.79328499658427643     
   3.2000000000000002       0.80956131483368976     
   3.3000000000000003       0.82502816337009355     
   3.4000000000000004       0.83967081330325588     
   3.5000000000000000       0.85347535864423807     
   3.6000000000000001       0.86642872949139438     
   3.7000000000000002       0.87851870438260060     
   3.8000000000000003       0.88973392180201671     
   3.9000000000000004       0.90006389083052940     
   4.0000000000000000       0.90949900092987868     
   4.1000000000000005       0.91803053085133379     
   4.2000000000000002       0.92565065666065971     
   4.2999999999999998       0.93235245887199603     
   4.4000000000000004       0.93812992868415734     
   4.5000000000000000       0.94297797331376032     
   4.6000000000000005       0.94689242042048238     
   4.7000000000000002       0.94987002162065837     
   4.8000000000000007       0.95190845508633337     
   4.9000000000000004       0.95300632722779433     
   5.0000000000000000       0.95316317345851864     
   5.1000000000000005       0.95237945804238711     
   5.2000000000000002       0.95065657302391926     
   5.3000000000000007       0.94799683624320141     
   5.4000000000000004       0.94440348843808219     
   5.5000000000000000       0.93988068943711534     
   5.6000000000000005       0.93443351344763115     
   5.7000000000000002       0.92806794344420807     
   5.8000000000000007       0.92079086466371018     
   5.9000000000000004       0.91261005721393329     
   6.0000000000000000       0.90353418780377737     
   6.1000000000000005       0.89357280060372912     
   6.2000000000000002       0.88273630724629204     
   6.3000000000000007       0.87103597597684657     
   6.4000000000000004       0.85848391996625639     
   6.5000000000000000       0.84509308479735779     
   6.6000000000000005       0.83087723513827771     
   6.7000000000000002       0.81585094061631924     
   6.8000000000000007       0.80002956090693367     
   6.9000000000000004       0.78342923005306397     
   7.0000000000000000       0.76606684003088954     
   7.1000000000000005       0.74796002357873792     
   7.2000000000000002       0.72912713630663928     
   7.3000000000000007       0.70958723810469770     
   7.4000000000000004       0.68936007386913034     
   7.5000000000000000       0.66846605356548205     
   7.6000000000000005       0.64692623164916174     
   7.7000000000000002       0.62476228586406257     
   7.8000000000000007       0.60199649544062650     
   7.9000000000000004       0.57865171871528409     
   8.0000000000000000       0.55475137019375576     
   8.0999999999999996       0.53031939708122711     
   8.2000000000000011       0.50538025530292008     
   8.3000000000000007       0.47995888503906070     
   8.4000000000000004       0.45408068579870420     
   8.5000000000000000       0.42777149105731344     
   8.5999999999999996       0.40105754248339270     
   8.7000000000000011       0.37396546377986517     
   8.8000000000000007       0.34652223416624089     
   8.9000000000000004       0.31875516152795297     
   9.0000000000000000       0.29069185525954866     
   9.0999999999999996       0.26236019882870071     
   9.2000000000000011       0.23378832208825992     
   9.3000000000000007       0.20500457336379510     
   9.4000000000000004       0.17603749134426916     
   9.5000000000000000       0.14691577680367168     
   9.6000000000000014       0.11766826418157536     
   9.7000000000000011        8.8323893050702415E-002
   9.8000000000000007        5.8911679499678300E-002
   9.9000000000000004        2.9460687459214732E-002
   10.000000000000000        0.0000000000000000     
