   0.0000000000000000        0.0000000000000000     
  0.10000000000000001        3.4705191318567530E-002
  0.20000000000000001        6.9353316710520446E-002
  0.30000000000000004       0.10391023039424882     
  0.40000000000000002       0.13834189896286997     
  0.50000000000000000       0.17261443486708453     
  0.60000000000000009       0.20669412973314680     
  0.70000000000000007       0.24054748748336982     
  0.80000000000000004       0.27414125722679011     
  0.90000000000000002       0.30744246588785173     
   1.0000000000000000       0.34041845054123349     
   1.1000000000000001       0.37303689042123839     
   1.2000000000000002       0.40526583857448945     
   1.3000000000000000       0.43707375312502966     
   1.4000000000000001       0.46842952812130906     
   1.5000000000000000       0.49930252393495361     
   1.6000000000000001       0.52966259718165487     
   1.7000000000000002       0.55948013013498887     
   1.8000000000000000       0.58872605960447377     
   1.9000000000000001       0.61737190524970120     
   2.0000000000000000       0.64538979730293555     
   2.1000000000000001       0.67275250367315353     
   2.2000000000000002       0.69943345640511079     
   2.3000000000000003       0.72540677746765470     
   2.4000000000000004       0.75064730384616773     
   2.5000000000000000       0.77513061191471166     
   2.6000000000000001       0.79883304106415554     
   2.7000000000000002       0.82173171656330879     
   2.8000000000000003       0.84380457163083955     
   2.9000000000000004       0.86503036869654215     
   3.0000000000000000       0.88538871983132517     
   3.1000000000000001       0.90486010632611558     
   3.2000000000000002       0.92342589740072534     
   3.3000000000000003       0.94106836802459415     
   3.4000000000000004       0.95777071583220685     
   3.5000000000000000       0.97351707711689273     
   3.6000000000000001       0.98829254188763360     
   3.7000000000000002        1.0020831679744466     
   3.8000000000000003        1.0148759941688636     
   3.9000000000000004        1.0266590523869945     
   4.0000000000000000        1.0374213788436459     
   4.1000000000000005        1.0471530242269598     
   4.2000000000000002        1.0558450628640390     
   4.2999999999999998        1.0634896008690473     
   4.4000000000000004        1.0700797832662872     
   4.5000000000000000        1.0756098000817982     
   4.6000000000000005        1.0800748913980529     
   4.7000000000000002        1.0834713513673688     
   4.8000000000000007        1.0857965311807056     
   4.9000000000000004        1.0870488409895684     
   5.0000000000000000        1.0872277507797856     
   5.1000000000000005        1.0863337901969865     
   5.2000000000000002        1.0843685473246569     
   5.3000000000000007        1.0813346664166976     
   5.4000000000000004        1.0772358445874617     
   5.5000000000000000        1.0720768274632890     
   5.6000000000000005        1.0658634038005954     
   5.7000000000000002        1.0586023990766018     
   5.8000000000000007        1.0503016680598183     
   5.9000000000000004        1.0409700863684090     
   6.0000000000000000        1.0306175410255696     
   6.1000000000000005        1.0192549200220460     
   6.2000000000000002        1.0068941008969017     
   6.3000000000000007       0.99354793834861355     
   6.4000000000000004       0.97923025088952864     
   6.5000000000000000       0.96395580655765722     
   6.6000000000000005       0.94774030770069828     
   6.7000000000000002       0.93060037484810354     
   6.8000000000000007       0.91255352968787495     
   6.9000000000000004       0.89361817716565961     
   7.0000000000000000       0.87381358672456000     
   7.1000000000000005       0.85315987270490656     
   7.2000000000000002       0.83167797392404974     
   7.3000000000000007       0.80938963245701734     
   7.4000000000000004       0.78631737163964865     
   7.5000000000000000       0.76248447331655944     
   7.6000000000000005       0.73791495435700982     
   7.7000000000000002       0.71263354246244359     
   7.8000000000000007       0.68666565129013601     
   7.9000000000000004       0.66003735491803117     
   8.0000000000000000       0.63277536167646975     
   8.0999999999999996       0.60490698737309956     
   8.2000000000000011       0.57646012793782597     
   8.3000000000000007       0.54746323151519960     
   8.4000000000000004       0.51794527003214808     
   8.5000000000000000       0.48793571026944038     
   8.5999999999999996       0.45746448446573168     
   8.7000000000000011       0.42656196048345668     
   8.8000000000000007       0.39525891156624265     
   8.9000000000000004       0.36358648571787883     
   9.0000000000000000       0.33157617473321926     
   9.0999999999999996       0.29925978291170702     
   9.2000000000000011       0.26666939548448737     
   9.3000000000000007       0.23383734678632859     
   9.4000000000000004       0.20079618820379097     
   9.5000000000000000       0.16757865593127516     
   9.6000000000000014       0.13421763856674176     
   9.7000000000000011       0.10074614457902607     
   9.8000000000000007        6.7197269678771765E-002
   9.9000000000000004        3.3604164125078745E-002
   10.000000000000000        0.0000000000000000     
