   0.0000000000000000        0.0000000000000000     
  0.10000000000000001       0.10000000000000001     
  0.20000000000000001       0.20000000000000001     
  0.30000000000000004       0.30000000000000004     
  0.40000000000000002       0.40000000000000002     
  0.50000000000000000       0.50000000000000000     
  0.60000000000000009       0.60000000000000009     
  0.70000000000000007       0.70000000000000007     
  0.80000000000000004       0.80000000000000004     
  0.90000000000000002       0.90000000000000002     
   1.0000000000000000        1.0000000000000000     
   1.1000000000000001        1.1000000000000001     
   1.2000000000000002        1.2000000000000002     
   1.3000000000000000        1.3000000000000000     
   1.4000000000000001        1.4000000000000001     
   1.5000000000000000        1.5000000000000000     
   1.6000000000000001        1.6000000000000001     
   1.7000000000000002        1.7000000000000002     
   1.8000000000000000        1.8000000000000000     
   1.9000000000000001        1.9000000000000001     
   2.0000000000000000        2.0000000000000000     
   2.1000000000000001        2.1000000000000001     
   2.2000000000000002        2.2000000000000002     
   2.3000000000000003        2.3000000000000003     
   2.4000000000000004        2.4000000000000004     
   2.5000000000000000        2.5000000000000000     
   2.6000000000000001        2.6000000000000001     
   2.7000000000000002        2.7000000000000002     
   2.8000000000000003        2.8000000000000003     
   2.9000000000000004        2.9000000000000004     
   3.0000000000000000        3.0000000000000000     
   3.1000000000000001        3.1000000000000001     
   3.2000000000000002        3.2000000000000002     
   3.3000000000000003        3.3000000000000003     
   3.4000000000000004        3.4000000000000004     
   3.5000000000000000        3.5000000000000000     
   3.6000000000000001        3.6000000000000001     
   3.7000000000000002        3.7000000000000002     
   3.8000000000000003        3.8000000000000003     
   3.9000000000000004        3.9000000000000004     
   4.0000000000000000        4.0000000000000000     
   4.1000000000000005        4.1000000000000005     
   4.2000000000000002        4.2000000000000002     
   4.2999999999999998        4.2999999999999998     
   4.4000000000000004        4.4000000000000004     
   4.5000000000000000        4.5000000000000000     
   4.6000000000000005        4.6000000000000005     
   4.7000000000000002        4.7000000000000002     
   4.8000000000000007        4.8000000000000007     
   4.9000000000000004        4.9000000000000004     
   5.0000000000000000        5.0000000000000000     
   5.1000000000000005        4.8999999999999995     
   5.2000000000000002        4.7999999999999998     
   5.3000000000000007        4.6999999999999993     
   5.4000000000000004        4.5999999999999996     
   5.5000000000000000        4.5000000000000000     
   5.6000000000000005        4.3999999999999995     
   5.7000000000000002        4.2999999999999998     
   5.8000000000000007        4.1999999999999993     
   5.9000000000000004        4.0999999999999996     
   6.0000000000000000        4.0000000000000000     
   6.1000000000000005        3.8999999999999995     
   6.2000000000000002        3.7999999999999998     
   6.3000000000000007        3.6999999999999993     
   6.4000000000000004        3.5999999999999996     
   6.5000000000000000        3.5000000000000000     
   6.6000000000000005        3.3999999999999995     
   6.7000000000000002        3.2999999999999998     
   6.8000000000000007        3.1999999999999993     
   6.9000000000000004        3.0999999999999996     
   7.0000000000000000        3.0000000000000000     
   7.1000000000000005        2.8999999999999995     
   7.2000000000000002        2.7999999999999998     
   7.3000000000000007        2.6999999999999993     
   7.4000000000000004        2.5999999999999996     
   7.5000000000000000        2.5000000000000000     
   7.6000000000000005        2.3999999999999995     
   7.7000000000000002        2.2999999999999998     
   7.8000000000000007        2.1999999999999993     
   7.9000000000000004        2.0999999999999996     
   8.0000000000000000        2.0000000000000000     
   8.0999999999999996        1.9000000000000004     
   8.2000000000000011        1.7999999999999989     
   8.3000000000000007        1.6999999999999993     
   8.4000000000000004        1.5999999999999996     
   8.5000000000000000        1.5000000000000000     
   8.5999999999999996        1.4000000000000004     
   8.7000000000000011        1.2999999999999989     
   8.8000000000000007        1.1999999999999993     
   8.9000000000000004        1.0999999999999996     
   9.0000000000000000        1.0000000000000000     
   9.0999999999999996       0.90000000000000036     
   9.2000000000000011       0.79999999999999893     
   9.3000000000000007       0.69999999999999929     
   9.4000000000000004       0.59999999999999964     
   9.5000000000000000       0.50000000000000000     
   9.6000000000000014       0.39999999999999858     
   9.7000000000000011       0.29999999999999893     
   9.8000000000000007       0.19999999999999929     
   9.9000000000000004        9.9999999999999645E-002
   10.000000000000000        0.0000000000000000     
