   0.0000000000000000        0.0000000000000000     
  0.10000000000000001        2.4975686934331966E-002
  0.20000000000000001        4.9910303135469410E-002
  0.30000000000000004        7.4779273699031770E-002
  0.40000000000000002        9.9558104651338228E-002
  0.50000000000000000       0.12422240706229160     
  0.60000000000000009       0.14874792103881307     
  0.70000000000000007       0.17311053957524272     
  0.80000000000000004       0.19728633223727624     
  0.90000000000000002       0.22125156865618795     
   1.0000000000000000       0.24498274181029142     
   1.1000000000000001       0.26845659107081327     
   1.2000000000000002       0.29165012498960241     
   1.3000000000000000       0.31454064380636593     
   1.4000000000000001       0.33710576165341255     
   1.5000000000000000       0.35932342843619730     
   1.6000000000000001       0.38117195136829346     
   1.7000000000000002       0.40263001613977256     
   1.8000000000000000       0.42367670769834698     
   1.9000000000000001       0.44429153062302512     
   2.0000000000000000       0.46445442907044271     
   2.1000000000000001       0.48414580627446790     
   2.2000000000000002       0.50334654358013020     
   2.3000000000000003       0.52203801899339541     
   2.4000000000000004       0.54020212522879485     
   2.5000000000000000       0.55782128723742785     
   2.6000000000000001       0.57487847919837587     
   2.7000000000000002       0.59135724095710884     
   2.8000000000000003       0.60724169389502081     
   2.9000000000000004       0.62251655621479951     
   3.0000000000000000       0.63716715762692611     
   3.1000000000000001       0.65117945342319572     
   3.2000000000000002       0.66454003792376737     
   3.3000000000000003       0.67723615728487763     
   3.4000000000000004       0.68925572165499005     
   3.5000000000000000       0.70058731666780583     
   3.6000000000000001       0.71122021426122062     
   3.7000000000000002       0.72114438281198756     
   3.8000000000000003       0.73035049657652662     
   3.9000000000000004       0.73882994442901195     
   4.0000000000000000       0.74657483788857071     
   4.1000000000000005       0.75357801842813033     
   4.2000000000000002       0.75983306405816953     
   4.2999999999999998       0.76533429517934570     
   4.4000000000000004       0.77007677969869959     
   4.5000000000000000       0.77405633740486768     
   4.6000000000000005       0.77726954359846789     
   4.7000000000000002       0.77971373197456395     
   4.8000000000000007       0.78138699675485179     
   4.9000000000000004       0.78228819406795658     
   5.0000000000000000       0.78241694257697236     
   5.1000000000000005       0.78177362335411926     
   5.2000000000000002       0.78035937900313868     
   5.3000000000000007       0.77817611203078774     
   5.4000000000000004       0.77522648246953840     
   5.5000000000000000       0.77151390475432025     
   5.6000000000000005       0.76704254385688542     
   5.7000000000000002       0.76181731068210234     
   5.8000000000000007       0.75584385673121235     
   5.9000000000000004       0.74912856803780248     
   6.0000000000000000       0.74167855838296426     
   6.1000000000000005       0.73350166179681409     
   6.2000000000000002       0.72460642435425104     
   6.3000000000000007       0.71500209527352032     
   6.4000000000000004       0.70469861732683237     
   6.5000000000000000       0.69370661657295973     
   6.6000000000000005       0.68203739142240005     
   6.7000000000000002       0.66970290104633945     
   6.8000000000000007       0.65671575314129582     
   6.9000000000000004       0.64308919106194740     
   7.0000000000000000       0.62883708033526542     
   7.1000000000000005       0.61397389456967411     
   7.2000000000000002       0.59851470077354718     
   7.3000000000000007       0.58247514409792300     
   7.4000000000000004       0.56587143201887824     
   7.5000000000000000       0.54872031797554388     
   7.6000000000000005       0.53103908448027015     
   7.7000000000000002       0.51284552571795983     
   7.8000000000000007       0.49415792965207855     
   7.9000000000000004       0.47499505965532712     
   8.0000000000000000       0.45537613568341606     
   8.0999999999999996       0.43532081501082170     
   8.2000000000000011       0.41484917254782094     
   8.3000000000000007       0.39398168075850137     
   8.4000000000000004       0.37273918919982474     
   8.5000000000000000       0.35114290370218010     
   8.5999999999999996       0.32921436521220282     
   8.7000000000000011       0.30697542831895508     
   8.8000000000000007       0.28444823948486025     
   8.9000000000000004       0.26165521500306044     
   9.0000000000000000       0.23861901870312194     
   9.0999999999999996       0.21536253942724526     
   9.2000000000000011       0.19190886829934908     
   9.3000000000000007       0.16828127580958543     
   9.4000000000000004       0.14450318873701071     
   9.5000000000000000       0.12059816693328121     
   9.6000000000000014        9.6589879990363753E-002
   9.7000000000000011        7.2502083815350643E-002
   9.8000000000000007        4.8358597135544600E-002
   9.9000000000000004        2.4183277957032904E-002
   10.000000000000000        0.0000000000000000     
