   0.0000000000000000        0.0000000000000000     
  0.10000000000000001        9.8185816002270582E-002
  0.20000000000000001       0.19630858042098176     
  0.30000000000000004       0.29432937952210275     
  0.40000000000000002       0.39220800912923032     
  0.50000000000000000       0.48990260110755368     
  0.60000000000000009       0.58736926008311818     
  0.70000000000000007       0.68456171284490286     
  0.80000000000000004       0.78143097304724973     
  0.90000000000000002       0.87792502400021821     
   1.0000000000000000       0.97398852249664281     
   1.1000000000000001        1.0695625267679050     
   1.2000000000000002        1.1645842517765386     
   1.3000000000000000        1.2589868551337899     
   1.4000000000000001        1.3526992569656595     
   1.5000000000000000        1.4456459970339539     
   1.6000000000000001        1.5377471323426390     
   1.7000000000000002        1.6289181783186555     
   1.8000000000000000        1.7190700964460695     
   1.9000000000000001        1.8081093309503402     
   2.0000000000000000        1.8959378967746183     
   2.1000000000000001        1.9824535206633092     
   2.2000000000000002        2.0675498366724403     
   2.3000000000000003        2.1511166368664649     
   2.4000000000000004        2.2330401773436859     
   2.5000000000000000        2.3132035390660106     
   2.6000000000000001        2.3914870422634591     
   2.7000000000000002        2.4677687124514160     
   2.8000000000000003        2.5419247953520476     
   2.9000000000000004        2.6138303172645125     
   3.0000000000000000        2.6833596866962193     
   3.1000000000000001        2.7503873323643839     
   3.2000000000000002        2.8147883720184170     
   3.3000000000000003        2.8764393059337361     
   3.4000000000000004        2.9352187284001974     
   3.5000000000000000        2.9910080500860627     
   3.6000000000000001        3.0436922238123829     
   3.7000000000000002        3.0931604660322281     
   3.8000000000000003        3.1393069661816719     
   3.9000000000000004        3.1820315760598472     
   4.0000000000000000        3.2212404715064298     
   4.1000000000000005        3.2568467788767195     
   4.2000000000000002        3.2887711591646656     
   4.2999999999999998        3.3169423430879297     
   4.4000000000000004        3.3412976110190522     
   4.5000000000000000        3.3617832123135742     
   4.6000000000000005        3.3783547193380308     
   4.7000000000000002        3.3909773123248681     
   4.8000000000000007        3.3996259920628749     
   4.9000000000000004        3.4042857183549478     
   5.0000000000000000        3.4049514731234858     
   5.1000000000000005        3.4016282480006685     
   5.2000000000000002        3.3943309571896241     
   5.3000000000000007        3.3830842773067618     
   5.4000000000000004        3.3679224167998747     
   5.5000000000000000        3.3488888183666408     
   5.6000000000000005        3.3260357985609588     
   5.7000000000000002        3.2994241294588385     
   5.8000000000000007        3.2691225678519795     
   5.9000000000000004        3.2352073379382440     
   6.0000000000000000        3.1977615738787724     
   6.1000000000000005        3.1568747288882735     
   6.2000000000000002        3.1126419577171167     
   6.3000000000000007        3.0651634794722895     
   6.4000000000000004        3.0145439277120580     
   6.5000000000000000        2.9608916946411648     
   6.6000000000000005        2.9043182760359407     
   6.7000000000000002        2.8449376232496988     
   6.8000000000000007        2.7828655082970979     
   6.9000000000000004        2.7182189076016727     
   7.0000000000000000        2.6511154095238925     
   7.1000000000000005        2.5816726502787071     
   7.2000000000000002        2.5100077823125071     
   7.3000000000000007        2.4362369786504861     
   7.4000000000000004        2.3604749761569606     
   7.5000000000000000        2.2828346600830538     
   7.6000000000000005        2.2034266917173255     
   7.7000000000000002        2.1223591804135720     
   7.8000000000000007        2.0397374007532405     
   7.9000000000000004        1.9556635551136952     
   8.0000000000000000        1.8702365814627693     
   8.0999999999999996        1.7835520057883283     
   8.2000000000000011        1.6957018382013860     
   8.3000000000000007        1.6067745114240446     
   8.4000000000000004        1.5168548600894016     
   8.5000000000000000        1.4260241390388710     
   8.5999999999999996        1.3343600786014553     
   8.7000000000000011        1.2419369746770001     
   8.8000000000000007        1.1488258113182801     
   8.9000000000000004        1.0550944134113722     
   9.0000000000000000       0.96080762698620470     
   9.0999999999999996       0.86602752464528243     
   9.2000000000000011       0.77081363357410448     
   9.3000000000000007       0.67522318358751710     
   9.4000000000000004       0.57931137266811705     
   9.5000000000000000       0.48313164746209503     
   9.6000000000000014       0.38673599621120391     
   9.7000000000000011       0.29017525161396196     
   9.8000000000000007       0.19349940112240430     
   9.9000000000000004        9.6757902190934789E-002
   10.000000000000000        0.0000000000000000     
