   0.0000000000000000        0.0000000000000000     
  0.10000000000000001        8.5787479407376063E-002
  0.20000000000000001       0.17145223432478116     
  0.30000000000000004       0.25692056298130156     
  0.40000000000000002       0.34211868710967253     
  0.50000000000000000       0.42697273493485616     
  0.60000000000000009       0.51140872833646012     
  0.70000000000000007       0.59535257491998606     
  0.80000000000000004       0.67873006568221306     
  0.90000000000000002       0.76146687890009079     
   1.0000000000000000       0.84348859081081307     
   1.1000000000000001       0.92472069358378062     
   1.2000000000000002        1.0050886210135010     
   1.3000000000000000        1.0845177822867174     
   1.4000000000000001        1.1629336040978477     
   1.5000000000000000        1.2402615813048223     
   1.6000000000000001        1.3164273362333170     
   1.7000000000000002        1.3913566866519484     
   1.8000000000000000        1.4649757223549145     
   1.9000000000000001        1.5372108902026258     
   2.0000000000000000        1.6079890873858067     
   2.1000000000000001        1.6772377625951127     
   2.2000000000000002        1.7448850246972583     
   2.3000000000000003        1.8108597584406976     
   2.4000000000000004        1.8750917466397785     
   2.5000000000000000        1.9375117982166465     
   2.6000000000000001        1.9980518814156829     
   2.7000000000000002        2.0566452614465018     
   2.8000000000000003        2.1132266417590677     
   2.9000000000000004        2.1677323081088211     
   3.0000000000000000        2.2201002745312568     
   3.1000000000000001        2.2702704303145649     
   3.2000000000000002        2.3181846870360059     
   3.3000000000000003        2.3637871247129092     
   3.4000000000000004        2.4070241361126747     
   3.5000000000000000        2.4478445682680450     
   3.6000000000000001        2.4861998602541431     
   3.7000000000000002        2.5220441763023005     
   3.8000000000000003        2.5553345333523452     
   3.9000000000000004        2.5860309221795408     
   4.0000000000000000        2.6140964212744500     
   4.1000000000000005        2.6394973027032425     
   4.2000000000000002        2.6622031292319273     
   4.2999999999999998        2.6821868420601178     
   4.4000000000000004        2.6994248385776665     
   4.5000000000000000        2.7138970396301838     
   4.6000000000000005        2.7255869458564033     
   4.7000000000000002        2.7344816827408374     
   4.8000000000000007        2.7405720341084510     
   4.9000000000000004        2.7438524638733388     
   5.0000000000000000        2.7443211259398890     
   5.1000000000000005        2.7419798622417955     
   5.2000000000000002        2.7368341889907666     
   5.3000000000000007        2.7288932712920855     
   5.4000000000000004        2.7181698863674959     
   5.5000000000000000        2.7046803757065287     
   5.6000000000000005        2.6884445865445481     
   5.7000000000000002        2.6694858031389086     
   5.8000000000000007        2.6478306683829453     
   5.9000000000000004        2.6235090963605741     
   6.0000000000000000        2.5965541765014746     
   6.1000000000000005        2.5670020700477618     
   6.2000000000000002        2.5348918995872824     
   6.3000000000000007        2.5002656324459065     
   6.4000000000000004        2.4631679587611734     
   6.5000000000000000        2.4236461650821677     
   6.6000000000000005        2.3817500043555082     
   6.7000000000000002        2.3375315631647240     
   6.8000000000000007        2.2910451270901424     
   6.9000000000000004        2.2423470450488194     
   7.0000000000000000        2.1914955934591616     
   7.1000000000000005        2.1385508410529672     
   7.2000000000000002        2.0835745151289444     
   7.3000000000000007        2.0266298700066923     
   7.4000000000000004        1.9677815583990612     
   7.5000000000000000        1.9070955063742099     
   7.6000000000000005        1.8446387925269940     
   7.7000000000000002        1.7804795319231526     
   7.8000000000000007        1.7146867653195892     
   7.9000000000000004        1.6473303541005300     
   8.0000000000000000        1.5784808813030307     
   8.0999999999999996        1.5082095590368536     
   8.2000000000000011        1.4365881425337610     
   8.3000000000000007        1.3636888509904015     
   8.4000000000000004        1.2895842952978407     
   8.5000000000000000        1.2143474126800133     
   8.5999999999999996        1.1380514081935897     
   8.7000000000000011        1.0607697029735073     
   8.8000000000000007       0.98257588904233351     
   8.9000000000000004       0.90354369043821758     
   9.0000000000000000       0.82374693035597779     
   9.0999999999999996       0.74325950393935869     
   9.2000000000000011       0.66215535631010614     
   9.3000000000000007       0.58050846537167056     
   9.4000000000000004       0.49839282888242814     
   9.5000000000000000       0.41588245525562456     
   9.6000000000000014       0.33305135751108156     
   9.7000000000000011       0.24997354977729200     
   9.8000000000000007       0.16672304572204899     
   9.9000000000000004        8.3373858275342883E-002
   10.000000000000000        0.0000000000000000     
