   0.0000000000000000        0.0000000000000000     
  0.10000000000000001        7.1333496266904342E-002
  0.20000000000000001       0.14255280496964165     
  0.30000000000000004       0.21358955535573862     
  0.40000000000000002       0.28437554725862269     
  0.50000000000000000       0.35484280293058168     
  0.60000000000000009       0.42492361933104733     
  0.70000000000000007       0.49455062094370672     
  0.80000000000000004       0.56365681318726213     
  0.90000000000000002       0.63217563647492880     
   1.0000000000000000       0.70004102096707332     
   1.1000000000000001       0.76718744204986999     
   1.2000000000000002       0.83354997656058027     
   1.3000000000000000       0.89906435976718457     
   1.4000000000000001       0.96366704309671491     
   1.5000000000000000        1.0272952525929004     
   1.6000000000000001        1.0898870480697622     
   1.7000000000000002        1.1513813829137174     
   1.8000000000000000        1.2117181644727104     
   1.9000000000000001        1.2708383149570097     
   2.0000000000000000        1.3286838327627224     
   2.1000000000000001        1.3851978541159262     
   2.2000000000000002        1.4403247149227019     
   2.3000000000000003        1.4940100126984068     
   2.4000000000000004        1.5462006684383711     
   2.5000000000000000        1.5968449882819118     
   2.6000000000000001        1.6458927248122808     
   2.7000000000000002        1.6932951378269265     
   2.8000000000000003        1.7390050544053939     
   2.9000000000000004        1.7829769280963312     
   3.0000000000000000        1.8251668970405113     
   3.1000000000000001        1.8655328408435259     
   3.2000000000000002        1.9040344360099364     
   3.3000000000000003        1.9406332097501662     
   3.4000000000000004        1.9752925919723181     
   3.5000000000000000        2.0079779652733900     
   3.6000000000000001        2.0386567127480428     
   3.7000000000000002        2.0672982634380936     
   3.8000000000000003        2.0938741352522574     
   3.9000000000000004        2.1183579751932848     
   4.0000000000000000        2.1407255967384495     
   4.1000000000000005        2.1609550142293381     
   4.2000000000000002        2.1790264741378929     
   4.2999999999999998        2.1949224830876912     
   4.4000000000000004        2.2086278325223110     
   4.5000000000000000        2.2201296199263005     
   4.6000000000000005        2.2294172665185918     
   4.7000000000000002        2.2364825313530758     
   4.8000000000000007        2.2413195217763695     
   4.9000000000000004        2.2439247002084204     
   5.0000000000000000        2.2442968872274145     
   5.1000000000000005        2.2424372609563119     
   5.2000000000000002        2.2383493527641503     
   5.3000000000000007        2.2320390393108873     
   5.4000000000000004        2.2235145309798590     
   5.5000000000000000        2.2127863567568355     
   5.6000000000000005        2.1998673456290061     
   5.7000000000000002        2.1847726045909526     
   5.8000000000000007        2.1675194933576165     
   5.9000000000000004        2.1481275958964150     
   6.0000000000000000        2.1266186889018455     
   6.1000000000000005        2.1030167073461214     
   6.2000000000000002        2.0773477072485056     
   6.3000000000000007        2.0496398258139963     
   6.4000000000000004        2.0199232390988349     
   6.5000000000000000        1.9882301173658934     
   6.6000000000000005        1.9545945782973531     
   6.7000000000000002        1.9190526382351674     
   6.8000000000000007        1.8816421616216223     
   6.9000000000000004        1.8424028088128699     
   7.0000000000000000        1.8013759824376208     
   7.1000000000000005        1.7586047724712852     
   7.2000000000000002        1.7141339001927685     
   7.3000000000000007        1.6680096611869142     
   7.4000000000000004        1.6202798675503109     
   7.5000000000000000        1.5709937894518728     
   7.6000000000000005        1.5202020961923874     
   7.7000000000000002        1.4679567968991341     
   7.8000000000000007        1.4143111809828361     
   7.9000000000000004        1.3593197584746874     
   8.0000000000000000        1.3030382003511098     
   8.0999999999999996        1.2455232789433315     
   8.2000000000000011        1.1868328085179616     
   8.3000000000000007        1.1270255861035514     
   8.4000000000000004        1.0661613326268089     
   8.5000000000000000        1.0043006344107757     
   8.5999999999999996       0.94150488507597929     
   8.7000000000000011       0.87783622787446569     
   8.8000000000000007       0.81335749847578587     
   8.9000000000000004       0.74813216821356232     
   9.0000000000000000       0.68222428779129529     
   9.0999999999999996       0.61569843143666736     
   9.2000000000000011       0.54861964148486242     
   9.3000000000000007       0.48105337336340076     
   9.4000000000000004       0.41306544094378045     
   9.5000000000000000       0.34472196221887119     
   9.6000000000000014       0.27608930525957648     
   9.7000000000000011       0.20723403439981636     
   9.8000000000000007       0.13822285659541758     
   9.9000000000000004        6.9122567900056373E-002
   10.000000000000000        0.0000000000000000     
